"baseMean"	"log2FoldChange"	"lfcSE"	"stat"	"pvalue"	"padj"
"Nvec_vc1.1_XM_001636362.3"	9.48433152554515	-2.0779323943514	0.716349840266382	-2.90072291155771	0.00372302930756808	0.0195025281230665
"Nvec_vc1.1_XM_001635315.3"	88.0264637525773	-1.18281407171841	0.293980047111485	-4.02345017405165	5.735172194614e-05	0.000638807946790402
"Nvec_vc1.1_XM_001635277.3"	61.5281654729242	-1.18718769230774	0.304240784630796	-3.9021319700724	9.53491453908432e-05	0.000973658922246995
"Nvec_vc1.1_XM_001630249.3"	73.9032604518074	-1.28338580132287	0.25756504032757	-4.98276396397068	6.26823949113903e-07	1.24898276734807e-05
"Nvec_vc1.1_XM_048724756.1"	6.56305866639308	-3.59834560036909	1.06437483477514	-3.38071277411333	0.000722980746114419	0.00524793513733897
"Nvec_vc1.1_XM_001630259.3"	84.4558013409206	-1.04602373329683	0.329160905438725	-3.17784924033621	0.00148371878612866	0.00939282112536559
"Nvec_vc1.1_XM_001637142.3"	8.75968212482334	-2.18717520073851	0.814307523788577	-2.68593269353899	0.00723276570333244	0.0326186692865186
"Nvec_vc1.1_XM_001637090.3"	24.0446389092433	-1.25539334210908	0.453233951904772	-2.76985723781974	0.00560808674580564	0.0268582895643946
"Nvec_vc1.1_XM_001637163.3"	11.6411335477584	-1.94573352271675	0.674332662773093	-2.88542084661183	0.00390890742232902	0.0202244068144043
"Nvec_vc1.1_XM_001637170.3"	83.66573966307	-1.03170328514803	0.265770626029083	-3.88193119970726	0.000103630199579446	0.00104876610914593
"Nvec_vc1.1_XM_001637125.3"	82.5913440425036	-1.34188815440822	0.286916693030424	-4.67692604510094	2.91207219500854e-06	4.78574364637285e-05
"Nvec_vc1.1_XM_001631087.3"	172.195327491403	-1.48360254701248	0.196635468285629	-7.54493866212085	4.52500423373557e-14	4.59521981667285e-12
"Nvec_vc1.1_XM_048724412.1"	25.2371787876905	-1.37766929364291	0.438341575745371	-3.14291267329656	0.00167275736351478	0.0103232825556392
"Nvec_vc1.1_XM_032363929.2"	100.009381958104	-1.54650451062265	0.307117644178572	-5.03554432621083	4.76492845689614e-07	9.75849395379634e-06
"Nvec_vc1.1_XM_048726967.1"	24.7010389179951	-1.31385241177346	0.415251936180121	-3.16398864713195	0.00155622865861817	0.00975956856820809
"Nvec_vc1.1_XM_032363920.2"	10.3022025079376	-4.37937864473018	0.995620217893458	-4.39864374590154	1.08929467257182e-05	0.000152615262165748
"Nvec_vc1.1_XM_032363916.2"	42.2493359224412	-1.16907727712859	0.321257034299874	-3.6390713737254	0.000273622961195772	0.00238126365461451
"Nvec_NVE6151"	46.6108999070323	-1.07724059601609	0.336420786243004	-3.20206313065916	0.00136447091375614	0.00878850129212403
"Nvec_vc1.1_XM_001640379.3"	30.8802572708136	-1.47526247563988	0.375214190449581	-3.93178753146895	8.43165705509274e-05	0.000884933358063012
"Nvec_vc1.1_XM_048731936.1"	22.1465640063943	-1.38767500716536	0.434305194063789	-3.19516097466138	0.00139752868069603	0.00896671451993421
"Nvec_vc1.1_XM_032365315.2"	11.7495706935319	-1.69462148808348	0.664643109332051	-2.54967134134066	0.0107824512879741	0.0441768489747966
"Nvec_vc1.1_XM_001640204.3"	22.3047062697969	-1.19149722904639	0.430574486588492	-2.76722673116749	0.00565354207005814	0.0270374819686931
"Nvec_vc1.1_XM_048724987.1"	6.56340554437667	-2.89358623791879	0.973552774174555	-2.97219248373276	0.00295681247571865	0.0162495976049357
"Nvec_vc1.1_XM_032365393.2"	374.996024292819	-1.03566296576541	0.168015169967189	-6.16410390780585	7.08833880356922e-10	2.8833090851535e-08
"Nvec_vc1.1_XM_048730750.1"	38.2833719414506	-1.36543837458887	0.365270379486815	-3.73815795440964	0.000185373474559927	0.00173199518584703
"Nvec_vc1.1_XM_032365304.2"	16.6532039332062	-1.54225941541853	0.553587229249706	-2.78593748903638	0.00533731632790386	0.0258407463851208
"Nvec_vc1.1_XM_001628076.3"	29.5483314042516	-1.31393855078327	0.433195895824927	-3.03312788382069	0.00242033007852885	0.0138890726447145
"Nvec_vc1.1_XM_032361818.2"	38.8862059164728	-1.0250031183007	0.353756727191002	-2.89748021596568	0.00376173463262089	0.0195937539672241
"Nvec_vc1.1_XM_001637421.3"	266.712530343094	-1.26848491646632	0.164010175327001	-7.73418425983162	1.04068215724614e-14	1.17877267426534e-12
"Nvec_vc1.1_XM_032361887.2"	51.2965928508903	-1.56362564760303	0.316004250671818	-4.94811586957706	7.49352988825129e-07	1.44806072971785e-05
"Nvec_vc1.1_XM_001637406.3"	107.052980448664	-1.61306816435799	0.273795087957893	-5.89151608375847	3.82668405979708e-09	1.30737639861977e-07
"Nvec_vc1.1_XM_032387435.2"	27.5722380449357	-1.09082076422303	0.388953294315381	-2.80450321456473	0.00503941851027832	0.024636599456789
"Nvec_vc1.1_XM_032361875.2"	13.2503680134584	-1.85817973830778	0.665846020862696	-2.79070487783384	0.00525934029070494	0.0255758869817141
"Nvec_vc1.1_XM_048730824.1"	63.0764696859183	-1.20006019563072	0.323608107274148	-3.70837494072444	0.000208593636705963	0.00189953079807997
"Nvec_vc1.1_XM_032385668.2"	51.8305114592241	-1.98689754959134	0.340597223916424	-5.83356941887137	5.4254019699082e-09	1.78323758943969e-07
"Nvec_vc1.1_XM_001635979.3"	306.663685318057	-1.00316514136496	0.227592922344825	-4.40771677356939	1.04466026634183e-05	0.000147202128439076
"Nvec_vc1.1_XM_048724929.1"	19.3818649408021	-1.23025029285857	0.461353610144723	-2.66661030889658	0.00766204573642648	0.0341200597540264
"Nvec_vc1.1_XM_001640841.3"	148.379004309985	-1.18013986192469	0.221008681077304	-5.33978962352118	9.3054500365715e-08	2.26483887253744e-06
"Nvec_vc1.1_XM_048728389.1"	747.513771434213	-1.02489791401977	0.124624184772368	-8.22390867303798	1.96976106512873e-16	2.99760932574965e-14
"Nvec_vc1.1_XM_001634596.3"	40.1412193550337	-1.0159522975683	0.37234929042384	-2.72849263768397	0.00636245104187704	0.0295263446554174
"Nvec_vc1.1_XM_001634565.3"	9.45338788352897	-2.97003301859622	0.799974112054332	-3.71266141471651	0.000205091176599045	0.00187138714346504
"Nvec_NVE6050"	21.4595509015151	-1.20248301361277	0.475156267830416	-2.5307106209571	0.0113831719158808	0.046303095707554
"Nvec_vc1.1_XM_048728326.1"	653.739872779881	-1.15420796847841	0.169928763434033	-6.79230487619288	1.10356021890562e-11	6.88556111160394e-10
"Nvec_vc1.1_XM_001635569.3"	27.6194653642859	-1.32646923112388	0.409399795000157	-3.24003394071893	0.00119515472619263	0.00787487896969777
"Nvec_NVE18112"	121.070995859652	-1.09994347608198	0.205077988620289	-5.36353746924333	8.1607713509879e-08	2.00948759436951e-06
"Nvec_vc1.1_XM_032384378.2"	138.276614494969	-1.09993035838763	0.261253290335909	-4.21020671920874	2.55137131476948e-05	0.000316503307581977
"Nvec_vc1.1_XM_032377728.2"	9.86944599143247	-1.67282545107932	0.65872441369082	-2.5394921097679	0.0111013549344407	0.0453195041335292
"Nvec_vc1.1_XM_032374003.2"	106.402863296253	-1.44093308520203	0.229818858936576	-6.2698644135192	3.61362629104608e-10	1.59313314777406e-08
"Nvec_NVE11348"	18.7344684060838	-2.8672051022515	0.578715940066658	-4.95442565815839	7.25442450495888e-07	1.41298149253333e-05
"Nvec_vc1.1_XM_032362439.2"	152.705311327863	-1.45113533323379	0.251949923237648	-5.75961808039538	8.43044670181253e-09	2.65252836932029e-07
"Nvec_vc1.1_XM_032383905.2"	190.98512497144	-1.56632660698683	0.497859854303869	-3.14611952228392	0.00165452376760942	0.0102236099362353
"Nvec_vc1.1_XM_001634505.3"	353.738855433898	-1.45183857652566	0.375395850428806	-3.86748701368771	0.000109962682419019	0.00110601126954922
"Nvec_vc1.1_XM_032383946.2"	130.682196518128	-1.2171351880721	0.198157559202872	-6.14225968955346	8.1355705086207e-10	3.26420369862234e-08
"Nvec_vc1.1_XM_001636780.3"	554.391576327124	-1.22160672708169	0.177843332172517	-6.86900493911499	6.46512682760597e-12	4.23106633495546e-10
"Nvec_vc1.1_XM_001641071.3"	31.2340173182525	-1.38481780110304	0.437248123255709	-3.16712120063962	0.00153956138529182	0.009679778564655
"Nvec_vc1.1_XM_001640934.3"	25.5814319140048	-1.03811123822132	0.405646370763254	-2.55915327497701	0.0104927466920429	0.0432304686738477
"Nvec_vc1.1_XM_032366489.2"	162.459802593859	-1.60297733262439	0.213285372308821	-7.51564589391249	5.66306437255973e-14	5.6343664112123e-12
"Nvec_vc1.1_XM_001640869.3"	76.8573884233025	-1.5502435755385	0.31222181718212	-4.96519938782574	6.86305230173454e-07	1.35285736469935e-05
"Nvec_vc1.1_XM_001634174.3"	26.4198434930722	-1.34923229793783	0.409807670268617	-3.29235491627926	0.000993521444931116	0.00678867901466853
"Nvec_vc1.1_XM_032367062.2"	20.7915227290109	-1.45579840389612	0.483026203120687	-3.01391186335368	0.00257902717046251	0.0145893872781638
"Nvec_vc1.1_XM_001641595.3"	232.969999532528	-1.07235089357112	0.176383534732608	-6.07965417631965	1.2044202510816e-09	4.67944279608881e-08
"Nvec_vc1.1_XM_032385584.2"	23.8753930937397	-1.20120772434263	0.433807570220186	-2.76898746541684	0.00562307984959983	0.0269005363175301
"Nvec_vc1.1_XM_001635886.3"	48.9558696735383	-1.19534543948249	0.306060569791524	-3.90558457202346	9.39978760077023e-05	0.000963870977864497
"Nvec_vc1.1_XM_001635816.3"	32.1402463184868	-1.46912717463482	0.387140361969123	-3.79481789799015	0.000147751860112448	0.00143040508885982
"Nvec_vc1.1_XM_001629582.3"	18.820034240719	-2.20462206148036	0.573245225035383	-3.84586205902419	0.000120129334443584	0.00119198413051333
"Nvec_vc1.1_XM_001625112.3"	67.1991959129	-1.59845845024196	0.314761526622069	-5.07831585199169	3.80795265983083e-07	7.96478734602401e-06
"Nvec_vc1.1_XM_001630155.3"	517.485112082236	-1.25706398370496	0.164516308312647	-7.64096882915726	2.15593257290082e-14	2.35156349155293e-12
"Nvec_vc1.1_XM_032378651.2"	58.8283551369267	-1.17217743928005	0.340565644623148	-3.44185462563941	0.000577740644305199	0.00438065447342639
"Nvec_vc1.1_XM_048723410.1"	87.8430823827381	-1.21794309398831	0.260978077908868	-4.66684061645058	3.0586640480801e-06	4.99876005637952e-05
"Nvec_vc1.1_XM_032382655.2"	18.6802153734926	-1.39095400755859	0.480841390680147	-2.89275015528737	0.00381884940932152	0.0198421162852009
"Nvec_v1g240714"	31.7443263400901	-1.74248335179286	0.471843588121288	-3.69292578231445	0.000221688737178978	0.00199309582840713
"Nvec_vc1.1_XM_032386985.2"	24.5662620194552	-1.35368375590504	0.412281899386516	-3.2833936147072	0.00102565348416533	0.00695508032979307
"Nvec_vc1.1_XM_048725300.1"	101.91634469168	-1.15562262200267	0.249304416923354	-4.63538767689764	3.56269140902633e-06	5.70844733383163e-05
"Nvec_vc1.1_XM_001625476.3"	58.8551140086389	-1.13653050247965	0.312649407960121	-3.6351596182284	0.000277808575192713	0.00241160769015272
"Nvec_vc1.1_XM_032372659.2"	163.994522361719	-1.42211668456232	0.225548200885723	-6.30515640992787	2.87903006040007e-10	1.31249899812356e-08
"Nvec_vc1.1_XM_001634020.3"	62.6001360576617	-1.35909398962831	0.275970433123062	-4.92478115951738	8.44548168041888e-07	1.61483103589625e-05
"Nvec_vc1.1_XM_032376510.2"	120.105521278186	-1.12697343345648	0.231205156599569	-4.87434385128491	1.09170695773115e-06	2.01193804162593e-05
"Nvec_vc1.1_XM_048725206.1"	55.1536521106101	-1.02461891882351	0.293919272224845	-3.48605557936905	0.000490199146692274	0.00381309161914619
"Nvec_vc1.1_XM_032383770.2"	13.5105388538645	-2.07851835890109	0.599574550131095	-3.46665541165253	0.000526976994329146	0.00405631795164489
"Nvec_vc1.1_XM_048725305.1"	13.6785822418235	-1.68508952053958	0.583755442719395	-2.88663607604184	0.00389384328168451	0.0201535473893864
"Nvec_vc1.1_XM_001633023.3"	79.9332497174573	-1.23910119594352	0.27891139069827	-4.44263388756322	8.88643015781954e-06	0.000128286945170483
"Nvec_vc1.1_XM_032374889.2"	164.631197046893	-1.27602572669523	0.198192300411704	-6.43832138808899	1.20802003056202e-10	6.07102216724431e-09
"Nvec_v1g233379"	387.040448486547	-1.14384594243338	0.169245552660604	-6.75849926010871	1.39428361899164e-11	8.44889970767569e-10
"Nvec_vc1.1_XM_032374900.2"	18.0126197417409	-4.10403171363448	1.24671872765358	-3.291866579528	0.000995248154110923	0.00679732331599413
"Nvec_vc1.1_XM_001633853.3"	127.456502646773	-1.03041653834825	0.222177637862906	-4.63780490358829	3.52128927178099e-06	5.64825539509532e-05
"Nvec_vc1.1_XM_048725340.1"	251.804140944457	-1.18305692013482	0.187086983742944	-6.32356616407014	2.55594687150179e-10	1.19102271148304e-08
"Nvec_vc1.1_XM_032383142.2"	21.0663980416863	-1.81910705242544	0.480011663449051	-3.7897142735127	0.000150820665574154	0.00145247501672951
"Nvec_vc1.1_XM_001633867.3"	41.0213589563598	-1.26216754643269	0.360276065307033	-3.50333443704357	0.000459472186162471	0.00361803633221518
"Nvec_vc1.1_XM_032380557.2"	141.005428856885	-1.09379967181733	0.224591745210279	-4.87016862883023	1.11503049250145e-06	2.04274368524957e-05
"Nvec_vc1.1_XM_001632417.3"	33.4104935877279	-1.23588354530586	0.35194009524279	-3.51163042236852	0.000445366873062992	0.00353341983073952
"Nvec_vc1.1_XM_032382784.2"	1031.25705982967	-1.10930892319369	0.160528857912376	-6.91033959638088	4.83494858942311e-12	3.2593329512861e-10
"Nvec_vc1.1_XM_032382745.2"	99.8415710749972	-1.10293983367507	0.239622564284444	-4.60282126171482	4.16805917874112e-06	6.55012501675165e-05
"Nvec_vc1.1_XM_001626859.3"	112.961089091494	-1.15685103177697	0.228419419116175	-5.06459142682871	4.09277180271181e-07	8.48817814013119e-06
"Nvec_vc1.1_XM_048725016.1"	24.6762161362571	-1.17371595775774	0.459911665453524	-2.5520465035396	0.0107092223749885	0.0439624475806261
"Nvec_vc1.1_XM_032363425.2"	38.5790931630395	-1.87526368877729	0.373833624903826	-5.01630555373325	5.26745340853453e-07	1.07131562763358e-05
"Nvec_vc1.1_XM_048725824.1"	843.97956602495	-1.04619688120782	0.140346137950306	-7.45440449225801	9.02746429179069e-14	8.6881968429162e-12
"Nvec_vc1.1_XM_001638646.3"	238.731995441096	-1.19126655329674	0.16200616342239	-7.35321748340414	1.93491724454195e-13	1.71636484493254e-11
"Nvec_vc1.1_XM_032367581.2"	90.180165187771	-1.2327153533968	0.249318853584873	-4.94433267148471	7.64051344663435e-07	1.47452897118861e-05
"Nvec_vc1.1_XM_048725184.1"	39.1899810010642	-1.10366649575569	0.325801344953655	-3.38754432064325	0.000705213221716336	0.00514837118977345
"Nvec_vc1.1_XM_048724976.1"	45.871474316499	-1.11054743138952	0.346751903744054	-3.20271473465146	0.00136138762015484	0.00877689698195272
"Nvec_vc1.1_XM_001629838.3"	409.056713546745	-1.14235849415631	0.158635758612826	-7.20114118119112	5.97106810754903e-13	4.75264745317078e-11
"Nvec_vc1.1_XM_001629834.3"	1110.59576715111	-1.25419806953589	0.181829053240821	-6.89767695085987	5.28597809067267e-12	3.53800124477977e-10
"Nvec_vc1.1_XM_032378311.2"	25.917123507416	-1.14630676499474	0.400274919084195	-2.863798630245	0.00418594029055797	0.0213723893129217
"Nvec_vc1.1_XM_032378274.2"	81.5727451843894	-1.02245205876157	0.241580120772598	-4.23235179902909	2.31260297180179e-05	0.000291550331847443
"Nvec_vc1.1_XM_032377872.2"	48.2941394084263	-1.28279815020656	0.304098573307735	-4.21836293493039	2.4608249019502e-05	0.000307592309597965
"Nvec_vc1.1_XM_001629525.3"	105.217040590576	-1.06076787756234	0.234731713034927	-4.51906503747326	6.21133139907008e-06	9.44853872430857e-05
"Nvec_vc1.1_XM_032372395.2"	353.789942149115	-1.00081522726036	0.175772472065461	-5.69381095628919	1.24234635732104e-08	3.73337757378619e-07
"Nvec_vc1.1_XM_048726965.1"	19.6001941084486	-1.55741307047438	0.573439950760263	-2.71591309327084	0.00660932650406397	0.0304512931077415
"Nvec_vc1.1_XM_032378132.2"	75.9995005024201	-1.24262054977224	0.292706490695078	-4.24527842488711	2.18322156668062e-05	0.000277416911504565
"Nvec_vc1.1_XM_001631879.3"	116.179614243661	-1.11539974423088	0.212591008486124	-5.24669294422998	1.5485366437458e-07	3.53522512855147e-06
"Nvec_vc1.1_XM_032370497.2"	31.3889424817613	-1.16818567065926	0.396709250102031	-2.94468977055316	0.00323278627823616	0.0174433044877345
"Nvec_vc1.1_XM_048726369.1"	49.3690901035569	-1.06295872723568	0.296943673415292	-3.57966450340592	0.000344035618446379	0.00286210422690561
"Nvec_vc1.1_XM_001628116.3"	27.4082872097	-1.39232054967396	0.399869013817819	-3.48194158977345	0.000497792262140058	0.00386602904009091
"Nvec_vc1.1_XM_032382594.2"	68.5767378617862	-1.28290691467708	0.296590797480507	-4.32551153162934	1.52178307041632e-05	0.00020224057501697
"Nvec_vc1.1_XM_032382358.2"	1860.63780710033	-1.38429212672764	0.151244878082093	-9.1526545842846	5.55513749220932e-20	1.20293234665856e-17
"Nvec_vc1.1_XM_032382457.2"	102.388721016688	-1.28595996467346	0.234558563302168	-5.48246862774663	4.19431397339868e-08	1.11249591601556e-06
"Nvec_vc1.1_XM_048725971.1"	19.0055582087598	-2.14260042178562	0.540394806992219	-3.96487973989075	7.34329592635021e-05	0.000788694620827913
"Nvec_vc1.1_XM_032364604.2"	167.608372609534	-1.28699866524731	0.201289624345089	-6.393765547701	1.61849534632033e-10	7.81388327034977e-09
"Nvec_vc1.1_XM_048727132.1"	60.0396007569065	-1.12562356913422	0.320847381734518	-3.50828348060391	0.000451008188839503	0.00356473192735464
"Nvec_vc1.1_XM_048727133.1"	76.3101826627323	-1.37603939215103	0.258289551949578	-5.3275069849502	9.95699510486281e-08	2.4035533265427e-06
"Nvec_vc1.1_XM_032367730.2"	42.7956674121368	-1.25489501500567	0.387184082574617	-3.24108110710833	0.00119077298723902	0.00785931521160674
"Nvec_vc1.1_XM_001641931.3"	231.806092391105	-1.02171498668347	0.166031699212411	-6.15373444667549	7.5679363834786e-10	3.06147975952534e-08
"Nvec_vc1.1_XM_001633949.3"	68.2717416397812	-1.42060456272792	0.277214806617991	-5.12456235674867	2.98229640142327e-07	6.44792138894188e-06
"Nvec_vc1.1_XM_032386416.2"	17.7027826377614	-1.24611066803154	0.481541023853096	-2.58775598818282	0.00966033862398369	0.04063081583495
"Nvec_vc1.1_XM_001636568.3"	24.0186793130063	-1.39622016185834	0.422599842705534	-3.30388235101929	0.000953558398894777	0.00656544986740307
"Nvec_vc1.1_XM_048726311.1"	132.880116154675	-1.54769121871389	0.290762193436379	-5.32287640433052	1.0213914604538e-07	2.44950965068113e-06
"Nvec_vc1.1_XM_048726879.1"	2030.41550025192	-1.0376482692625	0.31931837635968	-3.24957267130061	0.00115578543042434	0.00767656313170878
"Nvec_vc1.1_XM_001636595.3"	1348.34061282959	-1.27260246143486	0.178696526991901	-7.12158474961599	1.06693096329388e-12	8.05669663307817e-11
"Nvec_vc1.1_XM_001631279.3"	20.0144495281483	-1.8604563282278	0.485066218397679	-3.8354687621279	0.000125325035098065	0.00123604229190824
"Nvec_vc1.1_XM_001631285.3"	65.6905990223983	-1.45170249330792	0.269174076263134	-5.39317349375351	6.92240546718151e-08	1.74541815931931e-06
"Nvec_vc1.1_XM_001631329.3"	464.106715321126	-1.0795011795482	0.140643163372069	-7.6754614562558	1.64824211555885e-14	1.82483948508302e-12
"Nvec_vc1.1_XM_001623462.3"	27.3783718460971	-1.4496805569278	0.448386831659504	-3.23310243425851	0.00122453646202008	0.00802818317152526
"Nvec_vc1.1_XM_001640220.3"	261.063568404903	-1.10398600834367	0.162727860288331	-6.78424706370234	1.16693483601917e-11	7.21979641192535e-10
"Nvec_vc1.1_XM_001636158.3"	21.1016427093827	-1.53397414158048	0.477212600803733	-3.2144460121064	0.0013069648964958	0.00848921839475107
"Nvec_vc1.1_XM_032380628.2"	76.2991995869148	-1.1847194998957	0.262177780051807	-4.51876394582942	6.22016961104793e-06	9.45221852659244e-05
"Nvec_vc1.1_XM_001624023.3"	169.853663620189	-1.19091683819343	0.18684196183367	-6.37392599877328	1.84249519741959e-10	8.83737517329102e-09
"Nvec_vc1.1_XM_048728052.1"	66.8901875665813	-2.12904469998627	0.283625186053828	-7.5065431586256	6.07091284907454e-14	5.95961278017484e-12
"Nvec_vc1.1_XM_032362308.2"	202.124390955877	-1.52968741119088	0.191938160296726	-7.96968882491145	1.59074401163592e-15	2.05471101502973e-13
"Nvec_vc1.1_XM_048728008.1"	154.011432803083	-1.01703504634885	0.268265764810613	-3.79114736115076	0.000149952945851161	0.00144885638297792
"Nvec_vc1.1_XM_001637772.3"	94.5217612166558	-1.0614547490805	0.239129257179406	-4.43883262801318	9.04481171092895e-06	0.000130063332464286
"Nvec_vc1.1_XM_048728096.1"	10.691021902647	-2.1968615974357	0.684912544356097	-3.20750673285014	0.00133890926449399	0.00865851511623803
"Nvec_vc1.1_XM_032368623.2"	64.6419397255536	-1.02452001058305	0.306018400983317	-3.34790328715857	0.000814254211976206	0.00578383659978275
"Nvec_vc1.1_XM_032362262.2"	6.24620740146925	-2.74936209537421	0.951321507292928	-2.89004513647312	0.00385186516408596	0.0199835218676666
"Nvec_vc1.1_XM_032370889.2"	22.8853770302117	-1.33875296960201	0.432048296195044	-3.09861879190851	0.00194425008489541	0.0116404820697241
"Nvec_vc1.1_XM_048728241.1"	37.8977431712927	-1.02296504947983	0.351452838091662	-2.9106751706271	0.00360648742070364	0.0190001886475353
"Nvec_vc1.1_XM_001624096.3"	56.3599843082453	-1.57230589991237	0.293937583525112	-5.34911487349164	8.83854302781454e-08	2.16912576807615e-06
"Nvec_vc1.1_XM_032370330.2"	31.7904761266801	-1.29722649187109	0.421240170507403	-3.07954127525045	0.00207319641081974	0.0122552457444081
"Nvec_vc1.1_XM_048727750.1"	87.1504071836466	-1.11176742003495	0.264166654315263	-4.20858349028468	2.56976577789869e-05	0.000318516844104025
"Nvec_vc1.1_XM_032370311.2"	38.9774678109897	-1.60169943087218	0.415682176445435	-3.85318284408672	0.000116592257007029	0.00116394643012102
"Nvec_vc1.1_XM_048727749.1"	23.7832121033232	-1.96918872367164	0.456757624389063	-4.31123339496639	1.62346434019038e-05	0.000213823903482141
"Nvec_vc1.1_XM_048727751.1"	204.087241795258	-1.26656437348355	0.188553219633327	-6.71727789080767	1.85150671876164e-11	1.08619268660419e-09
"Nvec_vc1.1_XM_032377553.2"	62.9951238759491	-5.43307158542535	0.556242184631192	-9.76745693789419	1.55301259036368e-22	4.3977135371356e-20
"Nvec_vc1.1_XM_001637620.3"	470.868419136181	-1.00437547446706	0.156485068129678	-6.41834704404352	1.37761924040811e-10	6.80719574329175e-09
"Nvec_vc1.1_XM_001637566.3"	160.434364341535	-1.265667223787	0.204943331927264	-6.17569360215239	6.58736290883898e-10	2.70191974464217e-08
"Nvec_vc1.1_XM_001631842.3"	74.046499926594	-1.36456790258074	0.276304450706027	-4.93863887857734	7.86697421390922e-07	1.51624601177766e-05
"Nvec_vc1.1_XM_001634718.3"	76.7209315989185	-1.28462917428985	0.25265484098003	-5.08452230444848	3.68552458897358e-07	7.73908199042753e-06
"Nvec_vc1.1_XM_001634728.3"	364.706471052446	-1.13170238473402	0.169251898690652	-6.68649742477911	2.28575167534371e-11	1.30963787624265e-09
"Nvec_v1g237606"	245.149854879593	-1.56566193687746	0.171550597611579	-9.12653152291776	7.07290220664731e-20	1.48783549989831e-17
"Nvec_vc1.1_XM_001641306.3"	60.1877865750793	-1.02195195454547	0.28028973606343	-3.64605557412991	0.000266296408950603	0.00233266782974279
"Nvec_vc1.1_XM_001641184.3"	5982.08827844997	-1.29088614235381	0.284388173474976	-4.53916956735683	5.64762069276325e-06	8.65361235181466e-05
"Nvec_vc1.1_XM_048729228.1"	33.3827876334266	-1.18287305980256	0.370068770216602	-3.19636012276913	0.00139173288293824	0.00894121583824852
"Nvec_vc1.1_XM_001628891.3"	35.4729570686312	-1.02274227628986	0.407719746156304	-2.50844430747238	0.0121264082209273	0.048601350313869
"Nvec_vc1.1_XM_032377343.2"	78.8900492692285	-1.2032392539083	0.28709447746174	-4.19109160352501	2.77615538281982e-05	0.000341511178045295
"Nvec_vc1.1_XM_032364784.2"	74.442356635326	-1.37105557776421	0.33376116447202	-4.1078942780329	3.99282786347555e-05	0.000473384784941043
"Nvec_vc1.1_XM_032364767.2"	25.8758413716797	-1.34506755401814	0.434205959111574	-3.09776392007671	0.00194986690464783	0.0116667168512553
"Nvec_vc1.1_XM_032372014.2"	36.3348373942049	-1.37009900732803	0.368665435903546	-3.71637499449904	0.000202101560912643	0.00185186402267496
"Nvec_vc1.1_XM_001622934.3"	20.7327887925459	-1.5877885804283	0.470271374289613	-3.37632411249101	0.000734613249073537	0.00531295682348125
"Nvec_vc1.1_XM_048728746.1"	18.9307599067243	-1.5596409293568	0.523278456609079	-2.98051813457696	0.00287761199467079	0.0159089378869396
"Nvec_vc1.1_XM_032366180.2"	27.5073627467231	-1.56164423401506	0.414856076276823	-3.76430363038245	0.000167013852443192	0.00158051348150771
"Nvec_vc1.1_XM_032365997.2"	74.7887068523709	-1.19958822066372	0.331678665336546	-3.61671806489732	0.000298361972826247	0.00256173763840611
"Nvec_vc1.1_XM_001640809.3"	169.014341301623	-1.22373496697376	0.210522113617284	-5.8128571196014	6.1415479050702e-09	2.00519496457115e-07
"Nvec_vc1.1_XM_001640752.3"	267.522265976392	-1.06981050557769	0.212223633979908	-5.04095837732649	4.63206215552901e-07	9.52613341343081e-06
"Nvec_vc1.1_XM_032384818.2"	46.567588127028	-1.01859945680276	0.370695385692398	-2.74780721885757	0.00599952730711867	0.0282426597178141
"Nvec_vc1.1_XM_001632313.3"	220.80391993552	-1.07932588804092	0.184798958340393	-5.84054097346613	5.20315860601738e-09	1.71785897922883e-07
"Nvec_vc1.1_XM_048730352.1"	211.972776466654	-1.37867571612896	0.220478430912625	-6.25310925164979	4.02360455591398e-10	1.74257579664216e-08
"Nvec_vc1.1_XM_048729736.1"	43.725056367035	-1.22971663307645	0.331861842530196	-3.70550776100316	0.000210967669410901	0.00191759193337995
"Nvec_vc1.1_XM_001627624.3"	497.663609344848	-1.40479416524045	0.142936722767816	-9.82808433017159	8.52244475395681e-23	2.61443747920863e-20
"Nvec_vc1.1_XM_032365834.2"	125.641633302964	-1.15102212684377	0.23958112280354	-4.80431059582112	1.55285617327868e-06	2.73842001814713e-05
"Nvec_vc1.1_XM_032365904.2"	38.7095050001294	-1.4537464518375	0.370034178195018	-3.92868155835955	8.54128531612258e-05	0.00089389073404339
"Nvec_vc1.1_XM_032365880.2"	81.7165918399755	-1.06573171129369	0.25524311072364	-4.17535935944454	2.97516017613894e-05	0.000363864066392407
"Nvec_vc1.1_XM_048730392.1"	21.3544234758948	-1.36669143052781	0.471893955149206	-2.89618338106425	0.00377731596903696	0.0196647773289907
"Nvec_vc1.1_XM_032365728.2"	27.155874184281	-1.32504376012803	0.461105294184005	-2.87362512823214	0.00405790298095342	0.0208269854982709
"Nvec_vc1.1_XM_001640533.3"	9.76561794867943	-3.274047884727	0.833993804919529	-3.92574604920825	8.64613377664455e-05	0.000902938438731142
"Nvec_vc1.1_XM_032365836.2"	73.0963020500204	-1.36638572019631	0.303409998711078	-4.50343009789026	6.68653679164531e-06	0.000100495728063993
"Nvec_vc1.1_XM_032372779.2"	29.6132856526104	-1.4067611499542	0.387642158986299	-3.62902000554568	0.000284499195113881	0.0024584804272605
"Nvec_vc1.1_XM_048730446.1"	44.3082219333707	-1.06760891260198	0.35225092718729	-3.03081931146867	0.00243891151608041	0.0139793585341705
"Nvec_vc1.1_XM_032382483.2"	100.968896482955	-1.17322136007814	0.291668260918375	-4.02245124781155	5.75955782878811e-05	0.000640637106657586
"Nvec_vc1.1_XM_048730132.1"	24.3784154225423	-1.44372829334803	0.432434817437698	-3.33860326488635	0.000842007273627314	0.00593402072805066
"Nvec_vc1.1_XM_048730137.1"	45.4407074160635	-1.0884475740008	0.351103992343273	-3.10007176716073	0.00193473757793677	0.0116161636896045
"Nvec_vc1.1_XM_001638841.3"	19.7065880648873	-1.21103122803377	0.465360559882267	-2.60235037610439	0.00925872063002768	0.0393462225908103
"Nvec_vc1.1_XM_032363731.2"	51.8204270767733	-1.58856116957995	0.3200063240037	-4.96415555075587	6.90006265157062e-07	1.35833452599435e-05
"Nvec_vc1.1_XM_048730083.1"	31.800228581786	-1.53591864837977	0.40189997811589	-3.82164402093319	0.000132564957529194	0.00129616135432761
"Nvec_vc1.1_XM_048729958.1"	60.3287138969892	-2.60709337156191	0.353726538783053	-7.37036406861426	1.70162690973531e-13	1.53720590465353e-11
"Nvec_vc1.1_XM_001632211.3"	13.4371572088994	-2.19293828724851	0.6101208449016	-3.59426875113927	0.000325303923397195	0.00273563693433678
"Nvec_vc1.1_XM_001636053.3"	333.669924604292	-1.04960725114628	0.144244058902786	-7.27660646220214	3.42321983240373e-13	2.86402909273551e-11
"Nvec_vc1.1_XM_048729725.1"	32.2068674109455	-1.13382072815559	0.396197787543121	-2.86175431515297	0.00421303350828181	0.0214673895281962
"Nvec_vc1.1_XM_048729860.1"	22.4277452826739	-1.19242413683135	0.463488577911014	-2.57271525914558	0.0100904185678791	0.0418939921665437
"Nvec_vc1.1_XM_048731681.1"	58.0517443527165	-1.29860224061871	0.289726923083865	-4.48215936163729	7.38915302802437e-06	0.000109132676366759
"Nvec_vc1.1_XM_032375743.2"	52.9220891452534	-1.34065992866521	0.306027046395579	-4.38085438674671	1.18214855001457e-05	0.000163600915403801
"Nvec_vc1.1_XM_001622929.3"	25.4496186719338	-1.10753121524962	0.41958373127956	-2.63959522899542	0.00830050994868501	0.036322439522849
"Nvec_vc1.1_XM_048731549.1"	32.2839596683125	-1.16024840868962	0.36768727170005	-3.15553052278654	0.0016020650262524	0.00997058643768661
"Nvec_vc1.1_XM_032372804.2"	186.56450775431	-1.19198543185522	0.233541382910961	-5.10395809512558	3.32621958438757e-07	7.06900372623892e-06
"Nvec_vc1.1_XM_048730896.1"	17.7821082126232	-1.42387750292572	0.516110112635782	-2.75886379294906	0.00580027050933105	0.0275246481630357
"Nvec_vc1.1_XM_001627855.3"	142.136693435448	-1.3679167103899	0.195438177023894	-6.99922978826527	2.5737344250248e-12	1.83083282166619e-10
"Nvec_vc1.1_XM_001622960.3"	131.719302113972	-1.17949738338603	0.221861539754594	-5.31636706700356	1.0585949456545e-07	2.52229944575445e-06
"Nvec_vc1.1_XM_001635307.3"	40.9646211595117	-1.17598289588323	0.360915583428074	-3.25833228012332	0.00112069099887623	0.00749077392576143
"Nvec_vc1.1_XM_001635301.3"	158.526137820076	-1.25717359156835	0.23394575885949	-5.37378235748837	7.71019150367757e-08	1.9081104183471e-06
"Nvec_vc1.1_XM_001635327.3"	34.3300848099417	-1.099715392346	0.365225142085204	-3.01106157716122	0.0026033605231432	0.0146875416487677
"Nvec_vc1.1_XM_032364181.2"	9.93877399347565	-1.99575752804622	0.737502024943773	-2.70610447232111	0.00680776252930113	0.0311414424491951
"Nvec_vc1.1_XM_032364145.2"	35.0180645077738	-1.59776749534082	0.38585122799227	-4.14089001000363	3.45960834191581e-05	0.000418249038051808
"Nvec_vc1.1_XM_001620632.3"	15.3578496705651	-1.56148421799279	0.576264811577295	-2.70966435330113	0.00673513272353521	0.0308955854685533
"Nvec_vc1.1_XM_001635370.3"	31.9525749780129	-4.09804457063065	0.552179658725399	-7.42157829589414	1.15732803971487e-13	1.09946163772913e-11
"Nvec_vc1.1_XM_032386061.2"	27.6057408851406	-1.11846100139172	0.400860920178876	-2.79014726826608	0.00526840717709754	0.0256110750511135
"Nvec_vc1.1_XM_048731040.1"	50.5950366663853	-1.13474892987827	0.308688214769479	-3.67603580436549	0.000236886290690385	0.0021063711536328
"Nvec_vc1.1_XM_001626693.3"	380.048055112025	-1.10196905781432	0.160828030759641	-6.85184698593506	7.29025139549492e-12	4.70828735959047e-10
"Nvec_vc1.1_XM_032373757.2"	55.1784760454708	-1.3604406196425	0.367253914612258	-3.70435975087926	0.000211925319972142	0.00192273588206395
"Nvec_vc1.1_XM_032372092.2"	79.6098752338033	-1.89390487536617	0.295583508853074	-6.40734282746326	1.48077607102458e-10	7.22000915425062e-09
"Nvec_vc1.1_XM_048732631.1"	476.131059620772	-1.01867885735233	0.164662511914355	-6.18646494280475	6.15283598468179e-10	2.5378294082476e-08
"Nvec_vc1.1_XM_032378393.2"	227.782555666652	-1.0276931946851	0.20260298843251	-5.07244835150811	3.92729746273475e-07	8.18621982759624e-06
"Nvec_vc1.1_XM_032378385.2"	147.093463499571	-1.1327427408723	0.199447916270191	-5.67939120175004	1.35174998683654e-08	4.04563385287969e-07
"Nvec_vc1.1_XM_001622293.3"	25.6283343029266	-1.61683975755843	0.427219960925473	-3.78456042656789	0.000153980493127638	0.00147876682855342
"Nvec_vc1.1_XM_001637221.3"	189.608693989569	-1.009389676134	0.182346317762338	-5.53556380255289	3.1022877353585e-08	8.5545293826131e-07
"Nvec_vc1.1_XM_048732746.1"	28.996658389105	-1.26532156491746	0.387040878331762	-3.26921944361872	0.00107844626974658	0.00726446538061228
"Nvec_vc1.1_XM_032387348.2"	47.422468083158	-1.33295667550825	0.314687353911154	-4.23581265322972	2.27726592674328e-05	0.000287834684732144
"Nvec_vc1.1_XM_032387311.2"	21.5109091028636	-1.24351902557312	0.464088031765826	-2.67948953745178	0.0073734507494776	0.0331119433626281
"Nvec_vc1.1_XM_001621781.3"	16.2052035386967	-1.93396630621442	0.653351838575966	-2.96006866748804	0.00307570479346407	0.0167988698381893
"Nvec_vc1.1_XM_032380212.2"	60.3438202515431	-1.42776500623766	0.338494303952213	-4.21798827799249	2.46491630102274e-05	0.000307592309597965
"Nvec_vc1.1_XM_048732380.1"	1949.58683691483	-1.1221402215907	0.139648849129482	-8.03544195735011	9.32421922444912e-16	1.27128822296309e-13
"Nvec_vc1.1_XM_001638089.3"	25.5619614752895	-1.84310184707052	0.459132700428016	-4.01431186528934	5.96194753501517e-05	0.000660072762805251
"Nvec_vc1.1_XM_048732722.1"	185.742391541973	-1.62365130534114	0.19849459192414	-8.17982641039237	2.84253067233846e-16	4.27104736226365e-14
"Nvec_vc1.1_XM_048732544.1"	190.574389530643	-1.45482089052317	0.46098008995383	-3.15592998966372	0.00159987256925196	0.00996115162039541
"Nvec_vc1.1_XM_048732564.1"	10.6268293536784	-2.1633869245069	0.661842367741235	-3.2687344146465	0.00108029650405893	0.00726531971858133
"Nvec_vc1.1_XM_048732877.1"	179.964434652877	-1.89667311420605	0.204335004592384	-9.28217423142752	1.66054842630641e-20	3.88120247259713e-18
"Nvec_vc1.1_XM_001632971.3"	22.1850158390461	-1.33535603355755	0.47007068536663	-2.84075581636419	0.00450067593430061	0.0226108676672045
"Nvec_vc1.1_XM_048732899.1"	15.5506479320066	-1.63536469875652	0.597068702125364	-2.73898915306592	0.00616284066810605	0.0288362976923615
"Nvec_vc1.1_XM_001632934.3"	26.5285424615336	-1.35725832175737	0.408550107573118	-3.32213429050308	0.000893316887449406	0.00623712241237198
"Nvec_NVE5894"	44.0065244786723	-1.26890654855479	0.313724354363702	-4.04465426705044	5.24003950181147e-05	0.000590808435407151
"Nvec_vc1.1_XM_032381789.2"	36.6979647801546	-1.4363957647039	0.366212753536609	-3.92229858417617	8.77082055993357e-05	0.00091466241320837
"Nvec_vc1.1_XM_048732912.1"	13.8740817956028	-1.52021984246999	0.57547806284568	-2.64166427987309	0.00824997868484467	0.036165804148359
"Nvec_vc1.1_XM_032374813.2"	20.836917869885	-1.76623537273275	0.468016648381007	-3.77387295696129	0.000160732634727247	0.0015305969839751
"Nvec_vc1.1_XM_001627093.3"	15.1631730514164	-1.77000435598812	0.583298115633736	-3.03447638274137	0.00240953620271306	0.0138511598040396
"Nvec_vc1.1_XM_048732872.1"	8.69699003385746	-3.08259447931117	0.852309535561367	-3.61675465390733	0.000298319819191995	0.00256173763840611
"Nvec_vc1.1_XM_032381598.2"	36.5840587847037	-1.0234220424157	0.358708023524312	-2.85307820092945	0.00432979651778721	0.0219244338804734
"Nvec_vc1.1_XM_032386354.2"	70.5703768023231	-1.26317296355789	0.290289712129038	-4.35142173759293	1.35257601372423e-05	0.000183394860056071
"Nvec_vc1.1_XM_032386248.2"	47.1293212037236	-2.19648402416553	0.390623846897678	-5.62301570067965	1.87652338761377e-08	5.41800134953191e-07
"Nvec_vc1.1_XM_001636499.3"	140.002371160641	-1.37921310806442	0.225274036794581	-6.12237933713629	9.21882252853036e-10	3.66884220898945e-08
"Nvec_vc1.1_XM_001636497.3"	244.349001126207	-1.16677801756691	0.167817814708682	-6.95264694986251	3.5849508177739e-12	2.47832867566764e-10
"Nvec_vc1.1_XM_001636492.3"	58.8156773421771	-1.21939941352111	0.344861142847219	-3.53591420434783	0.000406366645208802	0.00328617184684203
"Nvec_vc1.1_XM_001636482.3"	74.9612933601464	-1.35833751644066	0.29803358634664	-4.5576659097099	5.17252279944666e-06	7.97543436878032e-05
"Nvec_vc1.1_XM_032372868.2"	38.5630294162586	-1.25223705993951	0.35028944499058	-3.57486381005053	0.000350410249322169	0.00290692446268673
"Nvec_vc1.1_XM_032379382.2"	50.4044957158625	-1.56532417723577	0.312709831290945	-5.00567625512032	5.56662493656567e-07	1.12749040152585e-05
"Nvec_vc1.1_XM_032367252.2"	34.0523149575023	-3.82195127839203	0.496705364007763	-7.69460439797525	1.41932618875192e-14	1.58330137343728e-12
"Nvec_vc1.1_XM_001641757.3"	53.7328648430919	-1.24146923171889	0.306763336910217	-4.0469935039279	5.18796804651455e-05	0.000586284186377028
"Nvec_vc1.1_XM_001641611.3"	46.0847997011001	-1.04195197330594	0.33021437844152	-3.15538038720039	0.00160288975386398	0.00997150470031561
"Nvec_vc1.1_XM_001641721.3"	13.7772459933901	-1.57175067003696	0.558212846534871	-2.81568344367864	0.00486736000833328	0.0239873216206796
"Nvec_vc1.1_XM_032383126.2"	30.5813925165632	-1.12994726696595	0.398760854151051	-2.833646420413	0.00460202199078552	0.0229866939668646
"Nvec_vc1.1_XM_001633783.3"	33.2967048505918	-1.82878035883926	0.423607593491729	-4.31715669628328	1.5805195920732e-05	0.000208727811598904
"Nvec_vc1.1_XM_032370858.2"	190.468955774544	-1.25052591621254	0.205213359691539	-6.09378413809041	1.10272335427443e-09	4.34160465018474e-08
"Nvec_vc1.1_XM_001639126.3"	9.732804966364	-2.09165974746753	0.786160887816651	-2.66060011364411	0.00780015345841693	0.0345435367444178
"Nvec_vc1.1_XM_032363985.2"	51.2799272094166	-1.46916631421229	0.326014317204523	-4.50644722234889	6.59220723528203e-06	9.96614492192278e-05
"Nvec_vc1.1_XM_048733763.1"	85.2591293122779	-1.47651578419283	0.277654285123432	-5.31782098567806	1.05017313621343e-07	2.51035705044526e-06
"Nvec_vc1.1_XM_048733907.1"	13.7886243628733	-2.0934984594522	0.586323045848769	-3.57055461877952	0.000356226161903887	0.00294915446921812
"Nvec_vc1.1_XM_048733545.1"	95.3311021675833	-1.87210416628783	0.246373785926565	-7.59863375580807	2.99273430853592e-14	3.17036062540945e-12
"Nvec_vc1.1_XM_032381939.2"	16.0895329742738	-2.1026345324405	0.597576921982821	-3.51860062711883	0.000433829253778837	0.00345865498748964
"Nvec_vc1.1_XM_001632781.3"	107.576611317308	-1.08044561509118	0.223926330341338	-4.82500478369035	1.39999907258703e-06	2.50492731337615e-05
"Nvec_vc1.1_XM_032381967.2"	91.2865580900571	-1.24473887321896	0.238561690658725	-5.21768130407671	1.81176848355471e-07	4.09804776042137e-06
"Nvec_vc1.1_XM_032381964.2"	263.098015287902	-1.19804370522547	0.196918742220184	-6.08394961148938	1.17257469380547e-09	4.57988391678662e-08
"Nvec_vc1.1_XM_001627387.3"	40.5211735932965	-1.10401584542789	0.320300799278704	-3.44680952377908	0.000567248362410884	0.00431442775645675
"Nvec_vc1.1_XM_001629212.3"	32.1877958342839	-1.35526414039697	0.369463370807457	-3.66819622046716	0.000244267693111709	0.00216286336805166
"Nvec_vc1.1_XM_048734399.1"	28.0003810079691	-1.85987833119738	0.426631445547194	-4.35944970913224	1.30389913818091e-05	0.000178186407700206
"Nvec_vc1.1_XM_001626485.3"	68.7696194281127	-1.15103697329647	0.304042539694002	-3.78577607743612	0.000153229609783726	0.00147278459795389
"Nvec_vc1.1_XM_032376421.2"	64.5952702657945	-1.55145912914373	0.300088678342375	-5.17000220639331	2.34091230900624e-07	5.15245646489041e-06
"Nvec_vc1.1_XM_048734562.1"	153.011255887362	-1.43441691184795	0.225309040778792	-6.36644187419117	1.93463567192358e-10	9.19242101521908e-09
"Nvec_vc1.1_XM_001625817.3"	432.405631378885	-1.11738931924284	0.177536433782875	-6.29385921207248	3.0966871120504e-10	1.3859792621563e-08
"Nvec_vc1.1_XM_001622630.3"	13.3697808921994	-1.94878495275735	0.645797287793404	-3.01764189722144	0.00254749744278231	0.0144610253835657
"Nvec_vc1.1_XM_048734320.1"	32.6753257288272	-1.0629623022895	0.404835453641278	-2.62566505163697	0.00864798701611877	0.0373984166849777
"Nvec_vc1.1_XM_048734360.1"	24.9536247872127	-1.13994532674855	0.40306519569648	-2.82819092027724	0.00468118797105295	0.0232951986731175
"Nvec_vc1.1_XM_001638284.2"	107.975333625293	-1.19785040319304	0.254155805820852	-4.7130554398485	2.44029769090104e-06	4.07407976173672e-05
"Nvec_vc1.1_XM_048734064.1"	32.0833006265088	-1.11582824266311	0.400236737609709	-2.78792059251495	0.00530475447890219	0.0257457184251268
"Nvec_vc1.1_XM_032363180.2"	8.65509162413698	-2.61682195628555	0.925996581102076	-2.8259520711957	0.00471403169571586	0.0234111692139683
"Nvec_vc1.1_XM_001638518.3"	23.4110633140335	-1.13132557507067	0.418489526772851	-2.70335457088926	0.00686434787783105	0.0313127393125967
"Nvec_vc1.1_XM_001634817.3"	190.832141248658	-1.5495666909262	0.213335798388935	-7.26350993423599	3.7717272298695e-13	3.13777872654398e-11
"Nvec_vc1.1_XM_048734086.1"	148.52531561626	-1.13394034855715	0.20598489224827	-5.50496852550929	3.69234229760771e-08	9.97609914353643e-07
"Nvec_vc1.1_XM_001624633.3"	465.505727762823	-1.86153734419816	0.359399544981368	-5.17957624096233	2.22390508256794e-07	4.93921603933829e-06
"Nvec_vc1.1_XM_032378488.2"	44.9280982762025	-1.27135968711266	0.324929343446771	-3.91272660581034	9.12598337785324e-05	0.000942356979234845
"Nvec_vc1.1_XM_001636921.3"	59.8221015198181	-1.0021846646204	0.293708526073211	-3.41217423279904	0.000644469064956002	0.00477594714719533
"Nvec_vc1.1_XM_001630068.3"	239.774169504127	-1.28085455398818	0.192010662554184	-6.67074701451403	2.54504614719037e-11	1.45255056268908e-09
"Nvec_vc1.1_XM_001630061.3"	180.367744395322	-1.21766469733777	0.174485169630568	-6.97861428519051	2.98105666099147e-12	2.08038195891466e-10
"Nvec_vc1.1_XM_032381099.2"	56.3825927838082	-1.43096859833015	0.32663842275742	-4.38089489365697	1.18192878136718e-05	0.000163600915403801
"Nvec_vc1.1_XM_001634660.3"	47.004717406339	-1.77448658621649	0.369728663656387	-4.79942931302085	1.59118382561244e-06	2.79930487839225e-05
"Nvec_vc1.1_XM_032370105.2"	54.8399703607772	-1.25144662512805	0.289677278476692	-4.32014078463092	1.55929688963127e-05	0.000206480635789752
"Nvec_vc1.1_XM_048720249.1"	145.350563439543	-1.29138347526564	0.198847498463848	-6.49434106660596	8.33976189442752e-11	4.32404908082553e-09
"Nvec_vc1.1_XM_048720354.1"	11.5991767904199	-2.13051222709163	0.654376528220392	-3.25578949612643	0.00113077553569882	0.00753765041338391
"Nvec_vc1.1_XM_001639955.3"	63.7410391673681	-1.06567682469059	0.270833331641468	-3.9348067618994	8.32636601131588e-05	0.000876381268882247
"Nvec_NVE16530"	102.857481000307	-1.1123841155971	0.223671937511938	-4.97328421245391	6.58280411432181e-07	1.3046001424413e-05
"Nvec_vc1.1_XM_048720781.1"	20.4653016923992	-1.82748088763463	0.501256526696921	-3.6457996859951	0.000266561562792664	0.00233274824812357
"Nvec_vc1.1_XM_001627906.3"	39.1975854138566	-1.03173475609634	0.339500626538357	-3.03897747293191	0.00237382604130281	0.0136808565394066
"Nvec_vc1.1_XM_032376974.2"	44.6110404718913	-1.03563119369123	0.32875345742572	-3.15017582415912	0.00163172230144317	0.0101201071968044
"Nvec_v1g103718"	25.0529153195238	-1.22441221798238	0.444139728762961	-2.75681759295138	0.00583669010047964	0.0276618158125403
"Nvec_vc1.1_XM_032374669.2"	28.6238947826327	-1.08737595694731	0.403035730750959	-2.6979641604511	0.00697649510891553	0.0317162366405623
"Nvec_vc1.1_XM_032374654.2"	37.9908557648714	-1.35820898742888	0.451900741806566	-3.00554715179082	0.00265103489636397	0.0149108055190831
"Nvec_vc1.1_XM_001632531.3"	154.168335145416	-1.20977259923058	0.458213877645177	-2.64019196766314	0.00828590779682238	0.0362908959869749
"Nvec_vc1.1_XM_032362536.2"	34.4699202774187	-1.1072576948917	0.378904022110043	-2.92226429459787	0.00347496528783346	0.0184700203409791
"Nvec_vc1.1_XM_048721046.1"	136.928359485773	-1.11550620270937	0.204187898914422	-5.46313571293908	4.67796686932819e-08	1.23005468126532e-06
"Nvec_NVE815"	35.784866661379	-1.02477457811953	0.344065491058585	-2.97842883041425	0.00289730306630885	0.0159546700267007
"Nvec_NVE15291"	28.0742867388158	-1.2889754733156	0.431137157397858	-2.98971093351186	0.00279241570844759	0.0155408572268243
"Nvec_vc1.1_XM_032371830.2"	2088.20784747842	-1.01619427398184	0.122383345740042	-8.30337059210953	1.01198590743426e-16	1.60231102010424e-14
"Nvec_vc1.1_XM_032363298.2"	38.2907313183102	-1.02978297690483	0.343590939954768	-2.99711912380577	0.00272544190514385	0.0152188593300126
"Nvec_vc1.1_XM_001638484.3"	65.8904170497026	-1.65985144341473	0.304715845966382	-5.4472107879741	5.11658148201616e-08	1.3358450766434e-06
"Nvec_vc1.1_XM_001627979.3"	129.342654284042	-1.42469216994066	0.214379137568718	-6.64566611330817	3.01848816280047e-11	1.69645947317698e-09
"Nvec_vc1.1_XM_048721219.1"	152.808219240077	-1.18095137710506	0.18899761841847	-6.24849872176829	4.1441661588782e-10	1.78429376285034e-08
"Nvec_vc1.1_XM_048721102.1"	90.8174384191251	-1.28356915241875	0.29595283734606	-4.33707331184619	1.44392474318642e-05	0.000193464893934668
"Nvec_vc1.1_XM_001639269.3"	963.237925842997	-1.00514998444658	0.135840814117445	-7.39946967321288	1.36729443406963e-13	1.27426648997945e-11
"Nvec_vc1.1_XM_032364332.2"	46.102325353029	-1.19066464581508	0.330568136242147	-3.6018736087222	0.000315931967601376	0.00267823731890055
"Nvec_vc1.1_XM_001639306.3"	10.9421428670287	-1.8782398023034	0.647954308930362	-2.8987226049997	0.00374686226936166	0.0195729897826718
"Nvec_v1g239401"	1065.16786698946	-1.79620748648122	0.318845252195445	-5.63347728753441	1.76611786729655e-08	5.14971991998847e-07
"Nvec_vc1.1_XM_048720426.1"	80.8386250955916	-1.48179096734373	0.324825329803047	-4.56180855182133	5.07148796773353e-06	7.82784699422182e-05
"Nvec_vc1.1_XM_001639319.3"	430.776442821337	-1.00159860868461	0.143218460521048	-6.99350212982778	2.68107790496732e-12	1.89802269955018e-10
"Nvec_vc1.1_XM_001639399.3"	32.3939195173073	-1.71266710360894	0.381959556480188	-4.48389646116308	7.32922353455554e-06	0.00010835624151238
"Nvec_vc1.1_XM_032371933.2"	24.6241453881535	-1.19388880277021	0.413503455943469	-2.88725229646795	0.0038862247006971	0.0201282654652708
"Nvec_vc1.1_XM_048721142.1"	25.3930728021934	-1.32214284565557	0.423991191391104	-3.11832621172542	0.00181881370951395	0.0110669553192533
"Nvec_vc1.1_XM_048721665.1"	7504.92343744572	-1.2946516043434	0.145966547984579	-8.86950895406654	7.34691513174205e-19	1.36940918120129e-16
"Nvec_vc1.1_XM_001625587.3"	29.5172356249915	-1.63765896560997	0.384835994441232	-4.25547243310178	2.08608066901997e-05	0.000265722645772656
"Nvec_vc1.1_XM_032379266.2"	57.9119678330595	-1.05412784161197	0.319091660648064	-3.30352676554153	0.000954768546644666	0.00656544986740307
"Nvec_vc1.1_XM_032379327.2"	14.6554125768962	-1.49540515102461	0.578546223323058	-2.58476348257066	0.00974458178351332	0.0408800475106079
"Nvec_vc1.1_XM_001630585.3"	34.2578826456001	-1.18596329968093	0.393832133210898	-3.01134214217571	0.0026009560138833	0.0146852290277728
"Nvec_vc1.1_XM_001634081.3"	887.670611495147	-1.36105641953284	0.124677818144917	-10.9165883698	9.60356942059585e-28	4.56169547478303e-25
"Nvec_vc1.1_XM_032373514.2"	240.116961530065	-1.02545908477601	0.181132981877644	-5.661360367096	1.50177678295171e-08	4.44049460420963e-07
"Nvec_vc1.1_XM_001628051.3"	32.3296546650453	-1.08010155321715	0.378546681287119	-2.85328496222615	0.00432698014147451	0.021924426068421
"Nvec_vc1.1_XM_048721969.1"	37.1015474965869	-1.01215261927649	0.342901767972281	-2.95172761943387	0.00316001545369782	0.0171385736853408
"Nvec_vc1.1_XM_048721703.1"	42.9053782741506	-1.35426866256231	0.376738497260523	-3.59471801371497	0.000324743114496871	0.00273248134912367
"Nvec_vc1.1_XM_001630326.3"	30.905799725627	-1.32433885518601	0.388205280210724	-3.4114395725559	0.000646208227766734	0.00478161615772118
"Nvec_vc1.1_XM_032379496.2"	96.8861930260728	-1.24107175342694	0.264978783727832	-4.68366461634033	2.8179094621052e-06	4.64135535005582e-05
"Nvec_vc1.1_XM_048721317.1"	332.786838957476	-1.04633191578947	0.167746989342753	-6.23756002947708	4.44448576548545e-10	1.90247246792945e-08
"Nvec_vc1.1_XM_001621892.3"	103.596885608997	-1.06344072026	0.215688403060242	-4.93044922755062	8.20407377891119e-07	1.57708859522803e-05
"Nvec_vc1.1_XM_048723001.1"	30.36605185627	-1.4090318188412	0.392610307919264	-3.58888136765617	0.000332099911416242	0.0027753525514212
"Nvec_vc1.1_XM_001622859.3"	92.3699529275864	-1.00595989085626	0.245738818294662	-4.09361409742772	4.24700938022336e-05	0.000497907747800868
"Nvec_vc1.1_XM_032369935.2"	30.5357274438189	-1.18208049669959	0.389470412997004	-3.03509703754744	0.00240458307791058	0.0138310491493099
"Nvec_vc1.1_XM_001622312.3"	64.3395340075373	-1.83384537977317	0.274103699020905	-6.69033430166629	2.22661348925295e-11	1.28073764176757e-09
"Nvec_vc1.1_XM_001628832.3"	27.867871336709	-1.00610099403584	0.396546087816627	-2.53716030733125	0.0111755766474461	0.0455593483204995
"Nvec_vc1.1_XM_001631201.3"	471.300406091249	-1.21766720327445	0.191264837294292	-6.36639342860952	1.93524652951981e-10	9.19242101521908e-09
"Nvec_vc1.1_XM_048722947.1"	447.734503811228	-1.05681599458643	0.151366195458878	-6.98184949012305	2.91319140244062e-12	2.05060286524045e-10
"Nvec_vc1.1_XM_032385393.2"	12.7332429814628	-1.80577918776298	0.595154068044517	-3.03413735152005	0.00241224577774043	0.0138588837601357
"Nvec_vc1.1_XM_048723075.1"	41.4471420189823	-1.16910835211129	0.322107974297917	-3.62955420355406	0.000283911112051853	0.0024548391808359
"Nvec_vc1.1_XM_048722632.1"	64.5696351687887	-1.27970643811005	0.267520871892791	-4.78357605915286	1.72203687252722e-06	3.00794696891616e-05
"Nvec_vc1.1_XM_032367696.2"	40.7716748230333	-1.37689547362495	0.341712649248599	-4.02939568275461	5.59204240858905e-05	0.000626657720445006
"Nvec_v1g237777"	23.9931198721411	-1.45521463499075	0.44749987338864	-3.25187719936389	0.00114645542448419	0.00761803074256756
"Nvec_vc1.1_XM_001642028.3"	16.9029925146044	-1.49937352528615	0.596165532173486	-2.51502887095765	0.0119022636580389	0.0479087132198474
"Nvec_NVE25937"	21.7139103473224	-1.35771807497229	0.450894590705179	-3.0111651436068	0.00260247269740011	0.0146875416487677
"Nvec_vc1.1_XM_001631720.3"	304.774026513163	-1.19701454432827	0.212023866833592	-5.64565943544344	1.64549295813459e-08	4.8373620780176e-07
"Nvec_vc1.1_XM_032378857.2"	329.549015982855	-1.17065073982145	0.19415505567879	-6.02946307902573	1.64505291902966e-09	6.19524404928687e-08
"Nvec_vc1.1_XM_001630411.3"	69.120984844622	-1.43642131498684	0.270863256348795	-5.30312355521984	1.1383781601576e-07	2.70364813037431e-06
"Nvec_vc1.1_XM_032381881.2"	91.8970165291212	-1.21758823916349	0.300476231464537	-4.05219485491048	5.07393784279255e-05	0.000577385894398148
"Nvec_vc1.1_XM_032381869.2"	129.118409380572	-1.41784707321154	0.225384789680503	-6.29078419720085	3.15866194006141e-10	1.4094332444668e-08
"Nvec_vc1.1_XM_032375432.2"	28.8949502920786	-1.24830920067264	0.471454108528351	-2.64778517800863	0.00810209919590262	0.0356342325745717
