"baseMean"	"log2FoldChange"	"lfcSE"	"stat"	"pvalue"	"padj"
"Nvec_vc1.1_XM_032386195.2"	205.125311239318	1.78742405536387	0.196469273751927	9.09772821586731	9.22409822141588e-20	1.91302600437111e-17
"Nvec_vc1.1_XM_001636352.3"	469.997515598797	1.32801377819763	0.135704318785016	9.78608337662034	1.29204081134745e-22	3.88271447899821e-20
"Nvec_NVE16126"	26.7000157897467	1.35772194063645	0.447271598247533	3.03556484685407	0.00240085589570867	0.0138150070591286
"Nvec_vc1.1_XM_048732006.1"	57.2523438971133	1.07252677065355	0.289756916080612	3.70147082306454	0.0002143533080682	0.00193760126538014
"Nvec_v1g241660"	34.8478836136881	2.1358742596268	0.446017042894785	4.78877274680881	1.67804378228451e-06	2.93807309086082e-05
"Nvec_vc1.1_XM_048727408.1"	50.226298739579	1.14671269256752	0.367274919866061	3.12221888983245	0.00179493430320855	0.0109469765258477
"Nvec_vc1.1_XM_048729618.1"	19.96572210496	1.15020009384626	0.453621820229746	2.53559251903648	0.0112257271093505	0.0457258178935507
"Nvec_vc1.1_XM_032378771.2"	147.470567187177	1.51844175956922	0.219746444679157	6.9099719077878	4.84749688510462e-12	3.2593329512861e-10
"Nvec_vc1.1_XM_032387219.2"	279.056482625767	2.18062368361608	0.176655364330104	12.3439426359072	5.25196889840755e-35	4.07027589626585e-32
"Nvec_vc1.1_XM_048731186.1"	52.8566489404021	1.09747149554668	0.303732721552348	3.61328041950044	0.000302347409427644	0.00259142351794067
"Nvec_vc1.1_XM_032379813.2"	38.002507229536	1.15542957601873	0.336149067056631	3.43725355579842	0.000587645213235211	0.00443177800459879
"Nvec_vc1.1_XM_032379840.2"	12.6819307229663	1.62769637274203	0.611703445783985	2.66092398851195	0.00779265469178055	0.0345207100891903
"Nvec_vc1.1_XM_048723402.1"	130.657929793392	1.4730320171618	0.278672417367309	5.28589097937254	1.25094381857537e-07	2.94722363656356e-06
"Nvec_vc1.1_XM_048723456.1"	58.2155694628639	1.96312543376112	0.310925252522725	6.31381792837055	2.7223420289694e-10	1.26058133259668e-08
"Nvec_vc1.1_XM_032363877.2"	9.20968444855689	1.96720954484702	0.759170532841185	2.59126172545813	0.00956247355955663	0.0402882469712364
"Nvec_vc1.1_XM_048728457.1"	23.5701593458806	1.56914714912145	0.473691081974906	3.31259592766531	0.000924344206618639	0.00640214884405431
"Nvec_vc1.1_XM_001638970.3"	54.7583571165068	1.0048705395522	0.282798129905858	3.5533139483161	0.000380410177508336	0.00310870648230523
"Nvec_vc1.1_XM_048729646.1"	71.9771112581211	1.93286903856236	0.28622643820627	6.75293676808931	1.4488209527262e-11	8.70770960362989e-10
"Nvec_vc1.1_XM_048729683.1"	48.3017583006748	1.51758330036161	0.377114473272474	4.02419797679077	5.71698098811778e-05	0.000637263777820093
"Nvec_vc1.1_XM_048729684.1"	48.9740430407982	1.50868520212031	0.345029757388522	4.37262343265497	1.22762367885649e-05	0.000169416669832819
"Nvec_vc1.1_XM_048733319.1"	355.904664424018	1.97661100300586	0.448860175604148	4.40362302212581	1.06457869001713e-05	0.000149579400863571
"Nvec_vc1.1_XM_032363957.2"	325.905830399996	1.72532656223077	0.172364991807839	10.0097272893689	1.38132782758354e-23	4.93065281542592e-21
"Nvec_vc1.1_XM_032363955.2"	31.9639615341649	1.3358154404081	0.41906024196502	3.18764537085243	0.00143436336114596	0.00915518010094247
"Nvec_vc1.1_XM_048727883.1"	449.1862929837	1.41663822611393	0.349638774056719	4.05171946371176	5.08426047317319e-05	0.000578113787393632
"Nvec_vc1.1_XM_048728453.1"	446.903584994264	1.01751502743018	0.156793622111668	6.48951796461153	8.6111438940262e-11	4.44909101191354e-09
"Nvec_vc1.1_XM_032365556.2"	86.7688299084194	1.1515073576174	0.257477631925271	4.47226172233714	7.7396619281742e-06	0.000113852669223142
"Nvec_vc1.1_XM_001640236.3"	147.77772640072	1.56175174001725	0.197297946534494	7.91570194950919	2.45861962042927e-15	3.09428836844624e-13
"Nvec_vc1.1_XM_001640232.3"	2019.91039474671	1.10927353605295	0.134485176613743	8.24829593851011	1.60669086137186e-16	2.49037083512638e-14
"Nvec_vc1.1_XM_048730108.1"	41.5923098453589	1.60792177396704	0.333274176624235	4.8246215481014	1.40269354638636e-06	2.50492731337615e-05
"Nvec_vc1.1_XM_048721182.1"	48.5389978629528	1.89078648252865	0.317292888932505	5.9591202591712	2.53599429437242e-09	9.13019950724546e-08
"Nvec_vc1.1_XM_032365468.2"	54.7430097193333	1.18228732053246	0.298383873888577	3.96230300627423	7.42302485204728e-05	0.000794360762691833
"Nvec_vc1.1_XM_048727961.1"	1023.52455887896	1.46510884299803	0.114350110185989	12.8124830016783	1.39595014717988e-37	1.46824042265884e-34
"Nvec_vc1.1_XM_032376197.2"	25.4114264713045	1.26613904697719	0.403716122419397	3.13621125505081	0.00171145873422504	0.0105268295160667
"Nvec_vc1.1_XM_048728019.1"	67.8457529706709	1.97695350507703	0.617056750744231	3.20384389716606	0.00135605980387359	0.00875404673916639
"Nvec_vc1.1_XM_048728010.1"	283.48749714666	2.25126758887762	0.234347051718728	9.6065539223411	7.50177050022427e-22	1.9379573792246e-19
"Nvec_vc1.1_XM_032361845.2"	25.339952969283	1.65572101263381	0.448992683613087	3.68763472783134	0.000226348255255209	0.00202982829392994
"Nvec_NVE13164"	14.8172111074014	1.48117749004559	0.534756414732719	2.76981715270478	0.00560877693789565	0.0268582895643946
"Nvec_vc1.1_XM_048724032.1"	9.03804654781452	1.78329514905152	0.698467927196556	2.55315252084536	0.0106752737747594	0.0438597673921127
"Nvec_vc1.1_XM_032361849.2"	211.967614516365	1.48540427450616	0.201163240417697	7.38407410529802	1.53517929005397e-13	1.40406925751831e-11
"Nvec_vc1.1_XM_032370690.2"	14.3634835644316	1.60824927055425	0.568768871609553	2.82759720306613	0.00468987750640456	0.0233148029310625
"Nvec_vc1.1_XM_001631520.3"	27.4829871767013	1.49193689443308	0.441149078614217	3.38193360647994	0.000719775386752589	0.00523232587986959
"Nvec_vc1.1_XM_048728422.1"	1959.53992721027	1.28400651977715	0.290760952793054	4.41602115911011	1.0053424784635e-05	0.00014261722538897
"Nvec_vc1.1_XM_048728423.1"	141.909638285385	1.13585083557575	0.218605744863262	5.19588740124936	2.0374555940083e-07	4.57340451551406e-06
"Nvec_vc1.1_XM_001623361.3"	26.2281679092738	1.17287776747969	0.410211389413318	2.85920332235809	0.00424706474916605	0.021609546797329
"Nvec_vc1.1_XM_001634592.3"	110.055521097645	1.50703639666233	0.274288401811719	5.49434969436591	3.92152753649974e-08	1.04989987227198e-06
"Nvec_vc1.1_XM_032381688.2"	115.6653564195	1.68121770272202	0.244796567934984	6.86781565977079	6.51923850410435e-12	4.24760119349277e-10
"Nvec_NVE24486"	41.5235544976472	2.44818271509207	0.362762661269945	6.74871748520525	1.49157694976648e-11	8.92824007532983e-10
"Nvec_vc1.1_XM_048726161.1"	443.873241369152	2.3483565057331	0.156017928105568	15.0518375307747	3.35776501304828e-51	7.06329854530512e-48
"Nvec_v1g213132"	512.284372619761	1.58515366453505	0.162916716741926	9.7298404745418	2.24945449874062e-22	6.24966367810483e-20
"Nvec_vc1.1_XM_001628271.3"	508.635597162583	1.34404811933959	0.162219870012957	8.28534826980342	1.1776395979562e-16	1.84475990211756e-14
"Nvec_vc1.1_XM_032369105.2"	121.711840804283	1.41874887585657	0.217559999075589	6.52118441756218	6.97543561096738e-11	3.6947226392624e-09
"Nvec_vc1.1_XM_032373315.2"	398.667367498876	2.54566610115241	0.372857361837418	6.82745296648437	8.64354510324823e-12	5.48604317436768e-10
"Nvec_vc1.1_XM_048731595.1"	71.7398624751692	1.1221735776092	0.293265332116282	3.82647880508511	0.000129989336104757	0.0012760619827617
"Nvec_vc1.1_XM_032362886.2"	1490.95674676618	2.03337968107361	0.173502751056928	11.7195817858037	1.01170200377169e-31	6.77150545706282e-29
"Nvec_vc1.1_XM_032362934.2"	1254.98867471457	1.41997858230949	0.177711108442893	7.99037603642992	1.34527778045576e-15	1.8008377561101e-13
"Nvec_vc1.1_XM_001638224.3"	18.0818073612003	1.44529930529941	0.494712840499389	2.9214913925429	0.00348359901331421	0.0185050488712308
"Nvec_vc1.1_XM_001638182.3"	7248.58785015558	2.29914257122704	0.105580002918408	21.7763071384249	3.89209195282794e-105	5.73110540053914e-101
"Nvec_vc1.1_XM_048724381.1"	474.322514520601	1.02809521875399	0.131238697127413	7.83378105129976	4.73412899924421e-15	5.76116111684885e-13
"Nvec_vc1.1_XM_032377730.2"	224.043139513218	1.10371588494881	0.169141735631771	6.52539055973533	6.78245661563290e-11	3.60547558358103e-09
"Nvec_vc1.1_XM_032362351.2"	818.062048281937	1.43017609607651	0.119133996511886	12.0047688984716	3.35399475541692e-33	2.46937863867571e-30
"Nvec_vc1.1_XM_032362450.2"	156.000085720429	1.22740330777246	0.197908569405797	6.20187044683122	5.5796001568452e-10	2.32746777080865e-08
"Nvec_vc1.1_XM_048720504.1"	2045.18801304601	1.68630504856497	0.14242030337818	11.8403416406662	2.41467331365642e-32	1.69314593064718e-29
"Nvec_vc1.1_XM_048724182.1"	149.769004549286	1.21222233862153	0.238288920063073	5.08719557040531	3.63397047222982e-07	7.65223522362716e-06
"Nvec_vc1.1_XM_048724280.1"	454.795191364932	1.64267041599432	0.182202000733359	9.01565520346982	1.95697109534503e-19	3.84218658386074e-17
"Nvec_vc1.1_XM_048720702.1"	56.6490891956929	1.02369344935984	0.330778018663861	3.09480494953966	0.00196942364153073	0.0117503092064587
"Nvec_vc1.1_XM_001641064.3"	164.533759581883	1.18533415644253	0.198099061350593	5.98354251838047	2.18336007966973e-09	7.95791514186555e-08
"Nvec_vc1.1_XM_032366571.2"	74.2256498558304	1.91806180738235	0.270078048439823	7.10187969167632	1.2307134863727e-12	9.19911476489237e-11
"Nvec_vc1.1_XM_048724414.1"	263.302307739149	1.04773026882707	0.166362115122639	6.29788980534845	3.01724875033199e-10	1.36621315100824e-08
"Nvec_vc1.1_XM_048720420.1"	288.602716329137	1.22067371448824	0.159313877753467	7.66206768488301	1.82963163814035e-14	2.01054670683707e-12
"Nvec_vc1.1_XM_001634267.3"	3749.17506433634	1.80127814602833	0.141141483462381	12.7622163366906	2.66508783072333e-37	2.61622788716007e-34
"Nvec_vc1.1_XM_032367072.2"	17.6752114850303	1.31772670331334	0.486219575551583	2.7101473687448	0.00672533193888488	0.0308602408227111
"Nvec_NVE12939"	301.530706350239	2.15353552720766	0.174145920895756	12.366270287185	3.97871261342285e-35	3.25480795736952e-32
"Nvec_vc1.1_XM_032367057.2"	633.342412147302	1.88716878293496	0.171748476591492	10.9879797503161	4.36589040115448e-28	2.14292453856666e-25
"Nvec_vc1.1_XM_032366964.2"	32.0847601308199	1.09380774701211	0.377319581102328	2.89888943430018	0.00374486926820209	0.0195729897826718
"Nvec_vc1.1_XM_048721466.1"	5339.75526179153	1.28931463231381	0.139263938565283	9.2580652651111	2.0816989636403e-20	4.71584880609284e-18
"Nvec_vc1.1_XM_032386640.2"	708.807052191063	1.48366573610205	0.151761144065136	9.7763215033834	1.42288147729741e-22	4.10822152023616e-20
"Nvec_vc1.1_XM_032385537.2"	24458.3269355157	1.88832243857792	0.139731289048315	13.513955617521	1.29378717077743e-41	1.90510160896977e-38
"Nvec_v1g241372"	7019.07876592299	1.91375507493023	0.152840385642451	12.5212656778241	5.71170066578059e-36	5.2565495189762e-33
"Nvec_vc1.1_XM_001635873.3"	160.721414010614	1.18295028135416	0.215109257975109	5.49929971629137	3.8130253523131e-08	1.02644969493255e-06
"Nvec_vc1.1_XM_048723619.1"	54.6331095398692	1.08144331166123	0.311152311688805	3.4756075112912	0.000509697644976827	0.00394185809993896
"Nvec_vc1.1_XM_032377937.2"	114.271599006866	1.40748938054325	0.218420495628158	6.44394371734867	1.16408268475645e-10	5.8702457304927e-09
"Nvec_vc1.1_XM_048723373.1"	45.1655109430355	1.3530158623827	0.382764217982478	3.53485461497511	0.000407999572765756	0.0032939289394379
"Nvec_vc1.1_XM_032377235.2"	715.170788556374	1.16774825985144	0.409338433441743	2.85276965085574	0.0043340024895171	0.0219306483361304
"Nvec_vc1.1_XM_048723457.1"	9226.41373928314	1.02953809775628	0.163082414010736	6.31299275278388	2.73690319464361e-10	1.26335108279395e-08
"Nvec_vc1.1_XM_048724932.1"	14.9002652030342	1.393879233245	0.541647979867979	2.57340428664525	0.0100703496620469	0.0418413935591537
"Nvec_vc1.1_XM_001625454.3"	10.466516298209	1.76403601423997	0.667353664664282	2.64333007765438	0.00820949605032857	0.0360312457052424
"Nvec_vc1.1_XM_032379116.2"	201.415211717866	1.24740843224085	0.188708673909026	6.61023368137389	3.83713832548631e-11	2.11617460085341e-09
"Nvec_vc1.1_XM_001619645.3"	39.7001883266613	1.00665373837658	0.32965720906773	3.05363787196826	0.0022608480794212	0.0131689034689388
"Nvec_vc1.1_XM_032379134.2"	897.777158234317	1.00750193163095	0.127674379767615	7.89118328567367	2.9933465086376e-15	3.70395187728476e-13
"Nvec_vc1.1_XM_048724733.1"	34.7203175596285	2.5406934338862	0.437834307790045	5.80286512199162	6.51912311343765e-09	2.11440722126364e-07
"Nvec_vc1.1_XM_048725063.1"	34.3292611035804	1.12474717737003	0.385195301983133	2.91994001894467	0.00350098762159882	0.0185706205792661
"Nvec_vc1.1_XM_048725489.1"	120.505588173658	1.47483796341294	0.217299245919293	6.78712876877957	1.14387108493739e-11	7.10696275346123e-10
"Nvec_vc1.1_XM_001633054.3"	269.84274732092	2.03280095140493	0.198237488002746	10.254372025622	1.13108803733005e-24	4.27058239735513e-22
"Nvec_vc1.1_XM_048724845.1"	1592.67597119731	1.12029655912072	0.11875858345368	9.43339442540314	3.97027965284325e-21	9.90887591324014e-19
"Nvec_vc1.1_XM_048724846.1"	110.901284824494	1.04056157989063	0.221284471604125	4.70237053846319	2.57158271781099e-06	4.2642517477215e-05
"Nvec_vc1.1_XM_032382196.2"	32.6778344743198	1.75952540622601	0.446802908826981	3.93803480564932	8.21516800909584e-05	0.000867778686757075
"Nvec_vc1.1_XM_048725558.1"	25.5947397597467	1.81284181615613	0.444808387216381	4.07555673017077	4.59043891157296e-05	0.000532657312631299
"Nvec_vc1.1_XM_001633854.3"	173.180334469419	1.31837572231812	0.185514627744144	7.10658635574756	1.18948244559891e-12	8.93629031196117e-11
"Nvec_vc1.1_XM_001633857.3"	2881.34468033153	1.23514750794621	0.124274698827968	9.93884933614692	2.82066394967924e-23	9.65913410675042e-21
"Nvec_vc1.1_XM_032382759.2"	80.023597420361	1.04841536068668	0.262697849572043	3.99095524533084	6.58076991242985e-05	0.000719390029402595
"Nvec_vc1.1_XM_048725640.1"	37.3025748053069	1.22763183180832	0.341303686562275	3.59689004292171	0.000322044536907952	0.00271364154425429
"Nvec_vc1.1_XM_001633510.3"	290.51185486752	1.53539264192378	0.392882064882223	3.90802426266022	9.30539633785527e-05	0.000957525933437588
"Nvec_vc1.1_XM_048725798.1"	54.5846640504113	1.00640002639787	0.358627398585643	2.80625526763129	0.00501209693364067	0.0245437736441167
"Nvec_vc1.1_XM_048725163.1"	38.9080259559783	1.19606442863493	0.349426738293534	3.42293332924679	0.00061949269712211	0.0046187493494294
"Nvec_vc1.1_XM_001639781.3"	29.0268685266425	1.33676011723052	0.406735971461297	3.28655494233245	0.00101420986756756	0.00688848722321604
"Nvec_vc1.1_XM_048724505.1"	100.304207353971	1.55888953328435	0.244405450752656	6.37829282646394	1.79072874615386e-10	8.61715058402472e-09
"Nvec_vc1.1_XM_048725133.1"	22.2237092819641	1.25273828626249	0.453100183509121	2.76481522598471	0.00569550474874896	0.0271606222745741
"Nvec_vc1.1_XM_048725132.1"	20.5335599360431	1.44378329465975	0.466615310485466	3.0941618549928	0.00197369779808352	0.0117662753347287
"Nvec_vc1.1_XM_048725127.1"	61.2763073093387	1.59953052643579	0.280920187556003	5.69389669126898	1.24172234842451e-08	3.73337757378619e-07
"Nvec_vc1.1_XM_048724774.1"	102.58003398588	1.16197414450338	0.245471470228363	4.73364233905629	2.20526184613175e-06	3.74538416197117e-05
"Nvec_vc1.1_XM_048725318.1"	10686.2933730083	1.32809617513429	0.139634678056246	9.51122023283726	1.88438985501543e-21	4.78407596812108e-19
"Nvec_vc1.1_XM_048725587.1"	69.5793994412002	1.49430277962621	0.284441819623684	5.25345668792011	1.49270790981348e-07	3.4397690097032e-06
"Nvec_NVE124"	1984.13046248469	1.06206096375275	0.131452003549291	8.07945816782092	6.50551725491897e-16	9.16002880875296e-14
"Nvec_vc1.1_XM_032367751.2"	79.0202315684061	1.27059874316612	0.261906303755483	4.85134845915109	1.22624884968456e-06	2.2182450014257e-05
"Nvec_vc1.1_XM_001641991.3"	410.280110269731	1.94310448922475	0.170688717650515	11.3839070090341	5.02948899884455e-30	2.96236902031944e-27
"Nvec_vc1.1_XM_032367445.2"	539.705503441849	1.64368364362197	0.183335024783734	8.96546443081948	3.08975992743305e-19	5.98640985940153e-17
"Nvec_vc1.1_XM_001623507.3"	161.306820455086	1.16954633055968	0.191325233841555	6.11287025279813	9.78549292946281e-10	3.88386478130296e-08
"Nvec_vc1.1_XM_001627773.3"	9.02786080054566	3.27762036849968	0.89937351297041	3.64433722055534	0.000268081739640963	0.00233995472211807
"Nvec_vc1.1_XM_032375704.2"	95.1046776879524	1.23202536440758	0.234405608175024	5.2559551539725	1.47258173843627e-07	3.40404491341822e-06
"Nvec_vc1.1_XM_032375700.2"	351.730805100921	1.00371360509723	0.148126058424212	6.77607718570853	1.23482726270794e-11	7.60787926501022e-10
"Nvec_vc1.1_XM_048724742.1"	98.3294728462198	1.5578971755509	0.273267486976478	5.70099719065738	1.19108599446694e-08	3.60879449969663e-07
"Nvec_vc1.1_XM_001631504.3"	122.501086493318	1.44181052978625	0.219403715764388	6.57149549524757	4.98123937654996e-11	2.69664521395949e-09
"Nvec_vc1.1_XM_001629537.3"	65.1606352739188	1.34686524051244	0.285824253686786	4.71221466736819	2.45039047845752e-06	4.08629669255798e-05
"Nvec_vc1.1_XM_001624997.3"	34.489536409923	1.04478361352279	0.387924382562144	2.69326616342663	0.00707557588042185	0.0320479405841931
"Nvec_vc1.1_XM_048726220.1"	12.9450943301006	2.43817893391169	0.639911122984046	3.8101837057339	0.000138863567986547	0.00135146466530198
"Nvec_vc1.1_XM_048726227.1"	689.746319135366	2.08278416014447	0.19259100929332	10.8145451222614	2.93746280058153e-27	1.23583256395894e-24
"Nvec_NVE16165"	39.0307095006174	2.28061687718009	0.379250660270772	6.01348162598268	1.81580520491243e-09	6.76195959444081e-08
"Nvec_vc1.1_XM_048726226.1"	1317.84198708321	2.00234710830783	0.172153960688252	11.6311416844706	2.86243292933706e-31	1.75622187018701e-28
"Nvec_vc1.1_XM_001629684.3"	74.7748864705718	1.40879973266147	0.257470311620592	5.47169778058712	4.45744510146659e-08	1.17627023510924e-06
"Nvec_vc1.1_XM_032380887.2"	68.0546162991651	1.25068563233115	0.333128460772688	3.7543643957355	0.000173781894871005	0.00163824481560534
"Nvec_vc1.1_XM_048726299.1"	208.022219937501	1.08395701996109	0.206693435572499	5.24427404749817	1.56898850207309e-07	3.57084322921581e-06
"Nvec_vc1.1_XM_048726696.1"	1441.7452446752	1.00854299871009	0.166368149844538	6.06211585362054	1.34342386005555e-09	5.15154071336406e-08
"Nvec_vc1.1_XM_032382639.2"	79.9609179290783	1.45774068316718	0.252798006073848	5.76642476658356	8.09708299841994e-09	2.55857397321317e-07
"Nvec_vc1.1_XM_048726130.1"	47.7216054286251	1.30255274235605	0.305273091784708	4.26684426963732	1.98257450870485e-05	0.000254519700441839
"Nvec_vc1.1_XM_032370736.2"	12.9430321099852	2.28360666031421	0.663606042225339	3.44120836009323	0.000579122392920221	0.00438887145432334
"Nvec_vc1.1_XM_048726919.1"	154.637750174248	1.42778598113241	0.238492129936686	5.98672158075596	2.14112831626518e-09	7.84281454154349e-08
"Nvec_vc1.1_XM_032371233.2"	11.2875764516969	2.29527771472134	0.743494745774214	3.08714718936073	0.00202087504974478	0.0120086299868813
"Nvec_vc1.1_XM_001639532.3"	118.385583892128	1.57238368185085	0.212633884961743	7.39479355387663	1.41628140225638e-13	1.31161909737265e-11
"Nvec_vc1.1_XM_032364472.2"	25.2790951238967	1.84140849881148	0.467733142433213	3.93687838589374	8.25484143192605e-05	0.000871344373369972
"Nvec_vc1.1_XM_048725869.1"	1442.75977360013	1.01082969672339	0.142605978371339	7.08827012911926	1.35798709860481e-12	1.00484221240984e-10
"Nvec_vc1.1_XM_048727075.1"	18.2211805080348	1.69497132459987	0.51778804244709	3.27348487344233	0.00106230076344152	0.00716882618775266
"Nvec_vc1.1_XM_048727073.1"	12052.8713753162	1.7954112572389	0.10988683199354	16.3387298065382	5.2331768236583e-60	1.92646321820921e-56
"Nvec_vc1.1_XM_048727076.1"	23.0739536621637	1.45973462928121	0.473596152218635	3.08223498531998	0.00205452581053409	0.0121742022374706
"Nvec_vc1.1_XM_001627225.3"	150.195790479832	1.09557291213163	0.186750846478209	5.86649502688853	4.45103610882732e-09	1.49638143156352e-07
"Nvec_vc1.1_XM_032374977.2"	6.62783356651166	2.79102227011542	0.953904493589275	2.92589277948947	0.00343469291892602	0.0183008059252997
"Nvec_vc1.1_XM_001642077.3"	61.8359389644696	1.03560199560583	0.275935784921431	3.75305434161324	0.000174692966554014	0.00164472757832983
"Nvec_vc1.1_XM_048727110.1"	15.1382268177333	1.45066014895117	0.528428954326255	2.74523213967478	0.0060468107809584	0.0283732770170513
"Nvec_vc1.1_XM_048726942.1"	33.770308755492	2.2943571479229	0.395612440538279	5.79950707515958	6.65101324726612e-09	2.15244329815371e-07
"Nvec_vc1.1_XM_048726145.1"	49951.5587853604	1.06898756414614	0.142720818424145	7.49006049677542	6.88418750429647e-14	6.71322258283216e-12
"Nvec_vc1.1_XM_032383567.2"	729.427315490453	1.18033098525107	0.126575421451327	9.32511993021449	1.10858148584957e-20	2.63288102889274e-18
"Nvec_vc1.1_XM_032383571.2"	40.6451967038689	1.06360432102128	0.328550210857366	3.23726567773542	0.0012068100226064	0.00792961962645213
"Nvec_vc1.1_XM_048726365.1"	26.9574456323019	1.41076442285545	0.404405163528697	3.48849260614186	0.000485752255916776	0.00379051508657898
"Nvec_vc1.1_XM_032369875.2"	174.093576705238	1.0758276663182	0.23385341444025	4.60043599916338	4.21607546087597e-06	6.61851931358195e-05
"Nvec_vc1.1_XM_048727193.1"	26.4830688850202	1.17386634545433	0.427923919933388	2.74316599464001	0.00608499168119844	0.0285173464371887
"Nvec_vc1.1_XM_032370839.2"	80.6154251034997	1.44782452632979	0.261911424315479	5.52791666157276	3.24055912791225e-08	8.88589071853034e-07
"Nvec_vc1.1_XM_032371889.2"	23.8623312963124	1.53379564678597	0.467372975622484	3.28173798397981	0.00103169423291644	0.00698468854238831
"Nvec_vc1.1_XM_032371890.2"	13.8484904049979	2.73900575420925	0.676140746638417	4.05094023371143	5.10122371410549e-05	0.000579148181882832
"Nvec_vc1.1_XM_001637690.3"	40.3338919165891	1.3783888270051	0.336664989267938	4.09424463768073	4.23546928794396e-05	0.000497728707742217
"Nvec_vc1.1_XM_032370871.2"	74.9391356142533	1.07403535276863	0.258979563614471	4.14718187712869	3.36592675064486e-05	0.000408264179598399
"Nvec_vc1.1_XM_048727428.1"	124.890110763962	1.12114442708798	0.207533221791694	5.40224074684917	6.58135377565066e-08	1.67086955769752e-06
"Nvec_vc1.1_XM_001631541.3"	41.0649793137312	1.22867487659195	0.364191723339513	3.37370345851197	0.000741642159962723	0.00535327490463289
"Nvec_vc1.1_XM_048727720.1"	1977.78295565272	1.517438059364	0.116730096957097	12.9995442385499	1.2307456366119e-38	1.64752086355548e-35
"Nvec_vc1.1_XM_001625447.3"	129.197921029295	1.35587588080359	0.211088907697035	6.42324552055388	1.33399069765712e-10	6.61380909865356e-09
"Nvec_vc1.1_XM_032370334.2"	18.0587648826837	1.50914250451271	0.514544246773968	2.93296934903958	0.00335737035381185	0.0179771921672289
"Nvec_vc1.1_XM_001626460.3"	22.9053536435131	1.21402262426272	0.447661989012471	2.71191804097734	0.00668951306853409	0.0307533811845659
"Nvec_vc1.1_XM_001626665.3"	45.0202649478309	1.29772658823437	0.327852406818885	3.95826463751195	7.54962845314294e-05	0.000805567238931375
"Nvec_vc1.1_XM_048727453.1"	303.49078572909	1.48647964041874	0.150531068057017	9.87490263375865	5.34848774268938e-23	1.71209743502394e-20
"Nvec_vc1.1_XM_032362159.2"	228.229643711169	1.05274064921164	0.222827893189202	4.72445632431555	2.30731795185772e-06	3.88288649612628e-05
"Nvec_vc1.1_XM_032383741.2"	4223.42157422683	1.07908029416976	0.107822311924275	10.0079498845063	1.40636616806716e-23	4.93065281542592e-21
"Nvec_vc1.1_XM_001634286.3"	12384.757974873	1.32837222907925	0.103382101684637	12.8491509403764	8.69594373457676e-38	9.84982857628021e-35
"Nvec_vc1.1_XM_032383713.2"	30.2295108144286	1.08484795328579	0.39790223025574	2.7264183781743	0.0064025785679274	0.0296471601926827
"Nvec_vc1.1_XM_048728088.1"	223.564324537832	1.39382854421999	0.203214559010451	6.85890101086857	6.93923000518329e-12	4.50132871481603e-10
"Nvec_vc1.1_XM_001634346.3"	521.399477957472	1.11707542031614	0.159155475671397	7.01876838106738	2.23832475066886e-12	1.61460122905688e-10
"Nvec_vc1.1_XM_001628209.3"	366.691485903083	1.37934386309983	0.219140768157646	6.29432795502276	3.08734481489268e-10	1.3859792621563e-08
"Nvec_vc1.1_XM_048727579.1"	54.8619378312061	1.85506708821735	0.320316727367727	5.7913525261755	6.9821850932704e-09	2.24481824232329e-07
"Nvec_vc1.1_XM_048727287.1"	33.188666459983	1.30335042282474	0.393079213831801	3.31574496173295	0.000913991987091272	0.00636036484400708
"Nvec_vc1.1_XM_048727438.1"	1468.32206095685	1.83896812683116	0.147582192371414	12.4606370001816	1.22389095493988e-35	1.06010554773469e-32
"Nvec_vc1.1_XM_001634114.3"	177.544511638022	1.46878929480239	0.213710536016137	6.87279776740387	6.29547865003349e-12	4.13843406793496e-10
"Nvec_vc1.1_XM_032383563.2"	125.352238849399	1.28382049190767	0.260709431772417	4.9243346632291	8.46478631090343e-07	1.61483103589625e-05
"Nvec_vc1.1_XM_048728075.1"	6.2162209216141	2.30865774401745	0.902153535493056	2.55905192762526	0.0104958062159884	0.0432309780504697
"Nvec_vc1.1_XM_048727927.1"	24.1087136467493	1.23148615010112	0.430924291858893	2.85777843896619	0.00426618158598655	0.0216843368497245
"Nvec_vc1.1_XM_048727983.1"	147.238663861036	1.65412085854683	0.207480571760052	7.97241324580403	1.55605465314872e-15	2.04579506853704e-13
"Nvec_vc1.1_XM_048727991.1"	9.47102668921331	2.20332080366238	0.717344237768499	3.07149718037246	0.00212988175735206	0.0125199636235565
"Nvec_vc1.1_XM_001628635.3"	32.7140473098125	1.98299052664855	0.441995057547152	4.48645407406394	7.24183184543235e-06	0.000107387687738158
"Nvec_vc1.1_XM_032380820.2"	45.0830152298598	1.45604464615562	0.355647509904556	4.09406675319158	4.23872189819178e-05	0.000497728707742217
"Nvec_vc1.1_XM_032380819.2"	20.3785472701221	1.92372925774528	0.486469399420678	3.95447125767046	7.67040916827764e-05	0.000815500180526268
"Nvec_vc1.1_XM_032373923.2"	16.7609349432686	1.72142945964988	0.515915488832714	3.3366500849678	0.000847946318943944	0.00597131016090367
"Nvec_vc1.1_XM_032373913.2"	29.7703127223402	1.48090090011479	0.403263898423347	3.67228731831616	0.000240389192428993	0.00213365332038392
"Nvec_vc1.1_XM_048728853.1"	897.385573193823	1.46936851559587	0.148525606035563	9.89303161129031	4.46303585017929e-23	1.46040450875311e-20
"Nvec_vc1.1_XM_048728848.1"	2829.35662247495	2.59751623319752	0.14402791545112	18.0348109952272	1.03849905692585e-72	7.6459493066166e-69
"Nvec_vc1.1_XM_048729133.1"	54.4835708735059	1.19385325609541	0.294053175221865	4.05999103799727	4.90745995158688e-05	0.000562352901067057
"Nvec_vc1.1_XM_001634754.3"	412.11883445073	1.41203521504847	0.146788123819448	9.61954672017816	6.61218953354854e-22	1.73865162288397e-19
"Nvec_vc1.1_XM_032384241.2"	41.9951593986204	2.05406854394358	0.354926377588865	5.78730878752255	7.15230296917531e-09	2.29450242311779e-07
"Nvec_vc1.1_XM_048728703.1"	38.3184594221748	2.49477867965714	0.37930732835522	6.57719609709408	4.79402351850497e-11	2.62423778104036e-09
"Nvec_vc1.1_XM_001634705.3"	152.566244812889	2.56202994570821	0.264721335725519	9.67821478645262	3.73175064035694e-22	1.01759311443067e-19
"Nvec_vc1.1_XM_048728725.1"	65.1229523787826	1.39857334161522	0.321760708901198	4.34662562247361	1.38247887100901e-05	0.000186590296751674
"Nvec_vc1.1_XM_032384221.2"	1443.93177573187	1.11293655327722	0.136674321639924	8.14298209000304	3.85659329024989e-16	5.67883361989296e-14
"Nvec_v1g246108"	31.9747394808604	1.03849407236756	0.370037457155202	2.80645662293585	0.00500896558795059	0.0245401432280072
"Nvec_v1g246107"	78.2046951808801	1.12013971953672	0.27661757731204	4.04941627506606	5.13455428357919e-05	0.000582034733069312
"Nvec_vc1.1_XM_048729410.1"	24.7438868974064	1.39980249903124	0.448437227884172	3.12151269339484	0.00179924491248559	0.0109614734531859
"Nvec_vc1.1_XM_032366593.2"	11.878272817755	1.65394435581069	0.627968229458825	2.63380260054882	0.00844345607442919	0.0367120965736206
"Nvec_NVE16439"	22.0408789012008	1.13687249294616	0.445090397323505	2.55425077643239	0.0106416581413175	0.0437582843146887
"Nvec_vc1.1_XM_048729220.1"	20.6271697614926	2.32438446008514	0.505696143329681	4.59640535278868	4.2984209138623e-06	6.74060148632826e-05
"Nvec_vc1.1_XM_032384692.2"	80.9588141432187	1.34012019639566	0.274753317906107	4.87753962939813	1.07417271724638e-06	1.98459137533914e-05
"Nvec_vc1.1_XM_032384597.2"	1612.20918405043	2.57691442989383	0.179245720147187	14.3764349172622	7.27465195705192e-47	1.33899062584487e-43
"Nvec_vc1.1_XM_048729276.1"	467.723051555635	2.66084380765914	0.172278050371078	15.4450540967223	8.14592551955371e-54	2.39897506550857e-50
"Nvec_vc1.1_XM_001629110.3"	28.8534125942519	1.57160507998516	0.395728575343941	3.97142177215589	7.14449617205539e-05	0.000769588194100333
"Nvec_vc1.1_XM_048728828.1"	1405.13552231182	1.2002863231638	0.129352646814897	9.27917868492791	1.7078995836338e-20	3.92950333890744e-18
"Nvec_vc1.1_XM_032364632.2"	35.5838068978783	1.84917673725176	0.398242666760067	4.64334158942807	3.42818859032124e-06	5.52298435366306e-05
"Nvec_vc1.1_XM_048728502.1"	473.589716743603	1.1198575490984	0.156874203042118	7.13857044295378	9.43065381156122e-13	7.19514908679994e-11
"Nvec_vc1.1_XM_032364770.2"	36.8987845200892	1.46356086338901	0.3664423260673	3.99397329204873	6.49751857833204e-05	0.000710816946998063
"Nvec_v1g239119"	174.216467647581	1.04256821176459	0.180796229608249	5.76653735547273	8.09167807466626e-09	2.55857397321317e-07
"Nvec_vc1.1_XM_001639717.3"	68.4953680047967	1.50356539336214	0.301627442098222	4.98484283426877	6.20121989538292e-07	1.23898185833804e-05
"Nvec_vc1.1_XM_048728605.1"	798.535093021582	1.1166002703423	0.165999299966276	6.72653601894195	1.73749653334532e-11	1.02338545814039e-09
"Nvec_vc1.1_XM_048728599.1"	50.968405617605	1.29848678528195	0.344171179057085	3.77279349432854	0.000161429896832105	0.00153556539460772
"Nvec_vc1.1_XM_048728593.1"	27.7187261447955	1.74572343080956	0.418635470391325	4.17003229367479	3.04556479437284e-05	0.000371548811906712
"Nvec_vc1.1_XM_032364662.2"	12.6512485216239	2.13334862715284	0.634058565314313	3.36459239549159	0.000766568130247827	0.00550351814622099
"Nvec_vc1.1_XM_048728800.1"	112.256317543642	1.85028159599702	0.526464057160592	3.51454495483747	0.000440508105559553	0.00350052987283563
"Nvec_vc1.1_XM_032364682.2"	474.555907520339	1.09013340743298	0.136684476302831	7.97554657939162	1.51707926778854e-15	2.01252182145822e-13
"Nvec_vc1.1_XM_032381371.2"	536.39663282684	1.04357341917152	0.148492210135282	7.02779908939862	2.0981671417098e-12	1.52194636264418e-10
"Nvec_vc1.1_XM_048729213.1"	32.4095835814412	1.90479426522228	0.408721731219773	4.66036943897671	3.15642327265753e-06	5.14140848339404e-05
"Nvec_vc1.1_XM_032366059.2"	38.5406119093642	2.14672965292344	0.476114055741073	4.50885586560146	6.51781688167593e-06	9.86380817910361e-05
"Nvec_vc1.1_XM_048728792.1"	1192.4288740047	1.26345401096341	0.144125221232196	8.76636302904884	1.8453036068552e-18	3.35457970505466e-16
"Nvec_vc1.1_XM_048729452.1"	98.0634856274649	1.0329669309921	0.233065136941287	4.43209544142299	9.33216899592761e-06	0.000133673335082718
"Nvec_vc1.1_XM_048728566.1"	1156.05016533147	1.04090008468965	0.127938010758371	8.13597208929208	4.08645960259957e-16	5.95773442062165e-14
"Nvec_vc1.1_XM_048728946.1"	134.53675865333	1.09920405805877	0.214296911235484	5.12935091654632	2.90742919392903e-07	6.30513915767379e-06
"Nvec_vc1.1_XM_001640713.3"	274.480273146614	1.01395084513586	0.17650507590032	5.74459878824378	9.21391911253376e-09	2.8711488870231e-07
"Nvec_vc1.1_XM_032366149.2"	40.5206100656711	1.13601995017332	0.411128324652925	2.76317607436156	0.00572418783149452	0.0272777992451573
"Nvec_vc1.1_XM_032376121.2"	28.9569517899466	1.36053361398663	0.460744762691436	2.95290087735146	0.00314803029532118	0.0170861577952836
"Nvec_vc1.1_XM_001627380.3"	233.332259895597	1.0555141842869	0.1702766269542	6.19882013854316	5.68879959116017e-10	2.35964997126292e-08
"Nvec_vc1.1_XM_048729100.1"	33.5673050522641	2.66295422360342	0.424435980806909	6.27410102824175	3.51660124429062e-10	1.55969738922227e-08
"Nvec_vc1.1_XM_048728490.1"	256.032880931511	1.27086649384832	0.214960724860392	5.91208693901498	3.37800150053321e-09	1.17037816694945e-07
"Nvec_vc1.1_XM_032384801.2"	369.142445831811	1.26892911677258	0.168207576468363	7.54382854455578	4.56371070366051e-14	4.60278356927404e-12
"Nvec_vc1.1_XM_048729202.1"	102.49297067055	1.45808106644131	0.288138395600201	5.0603497788071	4.18488058888617e-07	8.65482677968383e-06
"Nvec_vc1.1_XM_032370281.2"	125.557797395827	1.45576694744312	0.252108196250116	5.77437373753155	7.7239823456746e-09	2.45119913879436e-07
"Nvec_vc1.1_XM_048729359.1"	220.801115823804	1.13814990813974	0.197510015608968	5.76249211783296	8.28809148662971e-09	2.61332220857864e-07
"Nvec_vc1.1_XM_048729070.1"	24.6207288355396	1.31562577721743	0.417103287834702	3.15419661170069	0.00160940619323275	0.0100078151162805
"Nvec_vc1.1_XM_048728810.1"	382.01711130146	1.9279889585311	0.177116022460792	10.8854576324843	1.35217747987666e-27	6.22212918474492e-25
"Nvec_vc1.1_XM_001635039.3"	85.7911122428065	1.76826683153139	0.329262484285993	5.37038659404482	7.85680290792183e-08	1.94113125535485e-06
"Nvec_vc1.1_XM_032375468.2"	667.931486640175	1.09216266377747	0.123303087794199	8.85754512166285	8.17957088602904e-19	1.50555226620972e-16
"Nvec_vc1.1_XM_001640585.3"	51.9506364145801	1.76679983785933	0.328306901040965	5.38154949608832	7.38473917529473e-08	1.84305566705449e-06
"Nvec_vc1.1_XM_048730245.1"	21.400756170712	2.25895229847543	0.496462079416271	4.55010038456805	5.36203287275632e-06	8.25035883504042e-05
"Nvec_vc1.1_XM_048730244.1"	41.3542481596084	1.51713754707107	0.331174381340981	4.58108366029981	4.62572738023419e-06	7.20019404587193e-05
"Nvec_vc1.1_XM_032365937.2"	390.926607062569	1.67721477231986	0.208078304472749	8.06049807340449	7.59842105431095e-16	1.05553537759178e-13
"Nvec_vc1.1_XM_048730483.1"	29.6493586374736	2.41879272094214	0.472023760156593	5.12430289555702	2.98640569593098e-07	6.44792138894188e-06
"Nvec_vc1.1_XM_048730239.1"	42.0488781251847	1.7386521026177	0.345029208114782	5.03914469188736	4.67616872930124e-07	9.60342880599174e-06
"Nvec_vc1.1_XM_032372440.2"	73.7467775496984	1.03208655376127	0.258858089407692	3.98707475637655	6.68929531763587e-05	0.000729628692979172
"Nvec_vc1.1_XM_048730525.1"	865.964743379184	1.48017303846324	0.150285949240935	9.84904474396512	6.91985161949778e-23	2.1679747893001e-20
"Nvec_vc1.1_XM_001638809.3"	22.6286237611594	1.45487567429428	0.45755289876814	3.17968846489927	0.00147433462248209	0.00934532142317524
"Nvec_vc1.1_XM_032363737.2"	38.4376657112573	1.7841557807915	0.368817374967563	4.83750468900338	1.3147928426343e-06	2.36389799850916e-05
"Nvec_vc1.1_XM_048729767.1"	33.1686846269945	1.11327289582285	0.418072983088129	2.66286734818302	0.00774779503519274	0.0344054798391332
"Nvec_vc1.1_XM_032379969.2"	139.88651090263	2.14309636548315	0.236339736505899	9.06786305666233	1.21373976553465e-19	2.44826274623256e-17
"Nvec_vc1.1_XM_032379957.2"	21.6626638653027	1.80054708932923	0.484045866623718	3.7197861059909	0.0001993915657672	0.00183044938025064
"Nvec_vc1.1_XM_032379954.2"	5.82852266191114	2.27030371864893	0.906899109809562	2.5033696627243	0.0123016981261285	0.0490619932822953
"Nvec_vc1.1_XM_032376627.2"	654.741356711494	1.63938917093321	0.15659416934598	10.4690307294337	1.19864002353511e-25	4.77026333690661e-23
"Nvec_vc1.1_XM_032376601.2"	279.348440536353	1.38182920574765	0.182159773018436	7.58580878121648	3.3041942141495e-14	3.42635632417968e-12
"Nvec_vc1.1_XM_032369905.2"	106.06286644054	1.39660069282518	0.223145767989488	6.25869226832468	3.88219063488796e-10	1.69127979582027e-08
"Nvec_vc1.1_XM_048730109.1"	28.9834740129187	1.19096914247467	0.396515438743648	3.0035883249546	0.00266816088826296	0.0149731465736641
"Nvec_vc1.1_XM_048729755.1"	19.2864441964055	1.27818742466838	0.47468852658703	2.69268657883609	0.00708788646578434	0.0320839619454886
"Nvec_vc1.1_XM_048730604.1"	322.410676940801	1.9263749059083	0.165328457866064	11.6518047211745	2.24650140698108e-31	1.43824927033897e-28
"Nvec_vc1.1_XM_048731745.1"	23.6478923423148	1.22697328617352	0.449073177490141	2.73223462828719	0.00629063250439927	0.0292668447479556
"Nvec_vc1.1_XM_032372500.2"	38.3212747133431	1.10467166416246	0.369253479786761	2.99163508167992	0.00277487742718846	0.0154538843098903
"Nvec_vc1.1_XM_048731247.1"	42.7284489093895	1.9699075257821	0.352201181403652	5.59313151060793	2.23010239993256e-08	6.34391998251867e-07
"Nvec_vc1.1_XM_032372495.2"	34.8320022185009	1.15973072130031	0.376087598308044	3.08367180018099	0.00204463018683716	0.0121302093074847
"Nvec_vc1.1_XM_048731683.1"	206.922394785961	1.52722108962319	0.204423623997441	7.47086398215066	7.96699740760716e-14	7.71802873861943e-12
"Nvec_vc1.1_XM_048731535.1"	355.899079000561	1.01262381996762	0.158311849704166	6.39638676359279	1.59096717830910e-10	7.73168042924139e-09
"Nvec_vc1.1_XM_048731341.1"	8.84979229098278	1.90381035937996	0.727368062816412	2.61739613918199	0.00886034475937798	0.0380814575364705
"Nvec_vc1.1_XM_048731342.1"	42.097202099181	2.25799901005834	0.436123183860659	5.17743402235586	2.24958459672457e-07	4.97374372173712e-06
"Nvec_vc1.1_XM_032375747.2"	281.081415509404	1.0299598062848	0.175620473334864	5.86469098236018	4.49969913233438e-09	1.50245056062639e-07
"Nvec_vc1.1_XM_048731817.1"	69.7506374950259	1.08201138112536	0.25366424789587	4.26552574949203	1.99432010158257e-05	0.000255359682572203
"Nvec_vc1.1_XM_032369921.2"	272.975907918824	1.05049427445116	0.17529936108046	5.99257332129693	2.06546260549772e-09	7.60348421648847e-08
"Nvec_vc1.1_XM_048731814.1"	298.256813767723	1.32752725633152	0.188376793078103	7.04719108250829	1.82565540293754e-12	1.33083048555719e-10
"Nvec_vc1.1_XM_001625350.2"	446.676175802989	1.09167990809624	0.148223701011789	7.36508332098263	1.77036257640756e-13	1.5895481059513e-11
"Nvec_vc1.1_XM_048731280.1"	27.7209512449514	1.50262028817418	0.446206516645996	3.36754447126621	0.000758407936570325	0.00545823893743795
"Nvec_vc1.1_XM_032384924.2"	319.809764979836	1.06405932656624	0.199006754800612	5.34685029979177	8.94979781430612e-08	2.1891324387983e-06
"Nvec_vc1.1_XM_048731723.1"	14.2480095685054	1.7915283933206	0.632839744986942	2.83093533159421	0.00464121038378467	0.0231196965159774
"Nvec_vc1.1_XM_032384878.2"	27.5285067687128	1.45113259775184	0.40412183370813	3.59082948930668	0.000329627236666002	0.0027609997323295
"Nvec_vc1.1_XM_032384891.2"	3877.76657511301	1.70187562980922	0.44977649186002	3.78382521232097	0.000154436299696361	0.00148148176744555
"Nvec_vc1.1_XM_032364177.2"	40.8100709669717	1.22209401766861	0.338721760827273	3.60795838650532	0.000308615973213134	0.00263441751047154
"Nvec_vc1.1_XM_032364189.2"	1841.17305441067	1.03786898541125	0.345589007101132	3.00318865497806	0.00267166759251835	0.0149867829713649
"Nvec_vc1.1_XM_032364244.2"	63.70768297593	2.37531190517946	0.312768005811701	7.59448492506453	3.09019121148853e-14	3.22716777228147e-12
"Nvec_vc1.1_XM_001639254.3"	109.873857742717	1.49345227931725	0.25819876707664	5.78411855419105	7.28935230462986e-09	2.33338505838423e-07
"Nvec_vc1.1_XM_001639260.3"	12767.7782643743	1.01511802836233	0.133254953170953	7.61786338298457	2.57909048934299e-14	2.7720516390931e-12
"Nvec_vc1.1_XM_001639209.3"	106.205951043013	1.07710601787321	0.242625637264572	4.43937429703142	9.02207912208208e-06	0.000130063332464286
"Nvec_vc1.1_XM_048731857.1"	606.041172661004	1.0675058074793	0.152435675038086	7.00299196505397	2.50553207312211e-12	1.79096892120015e-10
"Nvec_v1g71242"	11.0197978150557	2.15071441341883	0.657457720197792	3.27125889216389	0.00107069843862314	0.00721557643419944
"Nvec_vc1.1_XM_032372148.2"	421.607670670645	1.0527893843112	0.162305991980788	6.48644804460342	8.78835657140403e-11	4.52477449349386e-09
"Nvec_vc1.1_XM_048731133.1"	36.4938191728771	1.80447309893982	0.363391627335764	4.96564302311934	6.84738073313382e-07	1.35157749725731e-05
"Nvec_vc1.1_XM_032370382.2"	31.8664399754393	1.56585929655042	0.378059427837641	4.14183374689677	3.44540058977628e-05	0.000416873653939653
"Nvec_vc1.1_XM_001635410.3"	67.2226078476889	1.07011388200204	0.286252262472355	3.73835956005896	0.000185224914660725	0.00173170594817726
"Nvec_vc1.1_XM_032385005.2"	450.648466801794	1.01356137262814	0.152842702198994	6.63140181405933	3.32513694214368e-11	1.84764684804021e-09
"Nvec_vc1.1_XM_048731263.1"	202.902737530085	1.12610927015904	0.236046627465598	4.7707068821526	1.83580524219306e-06	3.18400850309692e-05
"Nvec_vc1.1_XM_048731560.1"	639.265524337716	1.64036824380376	0.14601814682257	11.2340026188457	2.77611146963371e-29	1.51400894038357e-26
"Nvec_vc1.1_XM_001622452.3"	5466.05637324995	1.71569321918783	0.111549532278096	15.3805505424314	2.21059974868158e-53	5.42518021655604e-50
"Nvec_vc1.1_XM_032379611.2"	26.3009871208148	1.2339478712785	0.429752435371212	2.87129931029392	0.00408788259859103	0.0209516433220511
"Nvec_vc1.1_XM_001626717.3"	21.9426166665367	1.76982911032212	0.473634496275412	3.73669807465414	0.000186452582878468	0.00174097291241943
"Nvec_vc1.1_XM_048731708.1"	13.8093910404357	1.71864650194994	0.576189826386594	2.98277828459403	0.00285644837248413	0.015814906925311
"Nvec_vc1.1_XM_032378991.2"	254.808665646396	1.56466450338547	0.166071705962935	9.42161998224238	4.44181236902107e-21	1.09009478556392e-18
"Nvec_vc1.1_XM_032381020.2"	381.024892987757	1.60370246818834	0.411803935942083	3.89433496918759	9.8468502580571e-05	0.00100134578763737
"Nvec_vc1.1_XM_032380988.2"	28.8775253521091	1.29525337954748	0.407719406568189	3.17682543112124	0.00148896632010165	0.00941392402898104
"Nvec_NVE25581"	22819.5079086158	1.57388921530631	0.32305355946823	4.87191417391297	1.10522182141791e-06	2.03175921602731e-05
"Nvec_NVE25580"	1585.90938834071	1.75882249340695	0.372379997181764	4.72319272441597	2.32170640853267e-06	3.89819006449755e-05
"Nvec_vc1.1_XM_032380975.2"	3450.91347551737	1.03843512648004	0.150687043604052	6.89133651867675	5.5270615275677e-12	3.66603517988443e-10
"Nvec_v1g201852"	21.4697010907887	1.72901898427824	0.469940858943755	3.67922676092562	0.000233942188096971	0.00208396776753049
"Nvec_vc1.1_XM_032387290.2"	716.299855710418	1.24617707936226	0.133348352072877	9.34527543828371	9.16506099122688e-21	2.21238562452157e-18
"Nvec_vc1.1_XM_001637269.3"	49.5767444968944	1.00599981787001	0.318725724254868	3.15631824265795	0.00159774430624051	0.00995210867571553
"Nvec_vc1.1_XM_048732499.1"	34.6183433466334	1.07955109672925	0.404407270875397	2.66946510232719	0.00759721674566111	0.0338894324689063
"Nvec_vc1.1_XM_001637239.3"	563.358218975855	1.0903119034363	0.19116904153812	5.70339158821847	1.17446746757021e-08	3.56578009483944e-07
"Nvec_vc1.1_XM_048732368.1"	37.8494713721409	1.07380560975512	0.343978608838143	3.12172205528164	0.00179796598040481	0.0109582156711344
"Nvec_vc1.1_XM_048732373.1"	58.4881554889751	1.28048299042293	0.293139759659504	4.36816551910348	1.2529452337658e-05	0.000172265346098986
"Nvec_vc1.1_XM_048732374.1"	14.6757230185156	1.86846243773216	0.576950110591234	3.23851647383764	0.00120153081788404	0.00790198360578046
"Nvec_vc1.1_XM_048732375.1"	22.9486664329836	2.10253294201226	0.465479926898235	4.51691430825529	6.27472827346445e-06	9.52529627080041e-05
"Nvec_vc1.1_XM_048732682.1"	180.264562744388	1.01414491415783	0.190719834117703	5.31745908258265	1.05226337411012e-07	2.51127685312343e-06
"Nvec_vc1.1_XM_032375542.2"	78.5873556583223	1.5370184596876	0.322550432360533	4.76520353248074	1.88663109508111e-06	3.26654994548041e-05
"Nvec_vc1.1_XM_048732153.1"	61.7127494315685	1.3113401212481	0.311273504692758	4.21282281170207	2.52198901733266e-05	0.000313275147565534
"Nvec_vc1.1_XM_032362821.2"	34.2594944116769	1.07927872745113	0.366922291542419	2.94143679010125	0.00326693510420091	0.017608206225973
"Nvec_vc1.1_XM_048732319.1"	1016.69729760691	1.83440038227162	0.163904480695957	11.191886728676	4.46823221160206e-29	2.34981140413715e-26
"Nvec_vc1.1_XM_048733072.1"	26.5118119562957	1.33051046217642	0.414209296498408	3.21216948393996	0.00131736633533726	0.00854170818487063
"Nvec_vc1.1_XM_001624274.3"	20483.8891706602	1.18905937103173	0.109343353698731	10.8745463789952	1.52412016652652e-27	6.80080892487972e-25
"Nvec_vc1.1_XM_048731998.1"	33.8822900621501	1.02824084250065	0.352943903408936	2.91332654444319	0.00357600440864071	0.0188858877264434
"Nvec_vc1.1_XM_048732270.1"	123.194752666606	3.11879923917898	0.513305645676523	6.07591064982051	1.23286046199185e-09	4.75895255681361e-08
"Nvec_vc1.1_XM_032385144.2"	24.2850516021406	2.04764352691488	0.469999602810005	4.35669203691354	1.32042845979474e-05	0.000180030639541459
"Nvec_vc1.1_XM_032374592.2"	695.175871515521	1.01976357342109	0.157964004523936	6.45567055921637	1.07740759463515e-10	5.48955945709431e-09
"Nvec_vc1.1_XM_032382117.2"	31.5691967464445	1.18486214909868	0.365247555208719	3.24399748116479	0.00117864788530001	0.00780377253194363
"Nvec_vc1.1_XM_048732477.1"	49.2582902875356	1.04615245465073	0.337836275387866	3.09662558720095	0.00195736929378675	0.0117020961636256
"Nvec_vc1.1_XM_048732728.1"	75.1358966345026	1.70409326217488	0.270077429711776	6.30964706674477	2.79672498331232e-10	1.28292135137925e-08
"Nvec_vc1.1_XM_048732880.1"	22.1633686452656	1.5342128386309	0.469608422525808	3.26700451916742	0.00108691945277917	0.00729817097226326
"Nvec_vc1.1_XM_032369197.2"	43.5592477300268	1.40082508576112	0.422295659125226	3.31716667100698	0.00090935351491669	0.00633707075586761
"Nvec_v1g111827"	111.08012835705	1.47025777104419	0.587999342671054	2.50044118138869	0.0124038728583279	0.0493507235446846
"Nvec_vc1.1_XM_048732486.1"	102.780422374423	1.18568522981937	0.31044145706656	3.81935209627996	0.000133802659138441	0.00130652795478351
"Nvec_vc1.1_XM_032379858.2"	14.538539307511	1.98629835183149	0.590040541249775	3.3663760588794	0.000761627995607797	0.00547476614708227
"Nvec_vc1.1_XM_001626222.3"	88.0457467804113	1.63243026621288	0.290694527247344	5.61562091199566	1.95857639451921e-08	5.632819806503e-07
"Nvec_vc1.1_XM_048732824.1"	3033.59294988815	1.06710260746256	0.145319047607444	7.34317094029658	2.08591836248495e-13	1.8174643720468e-11
"Nvec_vc1.1_XM_001628466.3"	23.3513845097247	1.47791728077892	0.445325015202373	3.3187385175461	0.000904250603128906	0.00630449343327327
"Nvec_vc1.1_XM_048732021.1"	39.7515438521408	1.16154090810364	0.328633108635078	3.53446100707231	0.000408607719579778	0.00329684858674642
"Nvec_vc1.1_XM_048732730.1"	227.732856494482	1.0481188364324	0.180456354139456	5.80815699968326	6.31642729188826e-09	2.0577299086959e-07
"Nvec_vc1.1_XM_032386291.2"	21.8943153378894	1.46637985451444	0.540767039187629	2.71166648159125	0.00669459138153082	0.0307626617465501
"Nvec_vc1.1_XM_032379333.2"	49.8433621920789	1.35791779673102	0.313347929424533	4.33357833008455	1.46705048449466e-05	0.000196304311674413
"Nvec_vc1.1_XM_032367379.2"	201.074668497485	1.26073557516367	0.171543179605733	7.34937744573279	1.9913213764125e-13	1.7558207944715e-11
"Nvec_vc1.1_XM_048733823.1"	2321.7783818992	1.10346085383849	0.105293372304318	10.4798700021619	1.06890568860665e-25	4.37212118464803e-23
"Nvec_NVE8231"	16.6469094613245	1.71588892002799	0.514790107758128	3.33318160968663	0.000858588785143484	0.00602895558475813
"Nvec_vc1.1_XM_048733829.1"	331.251343321269	1.03327356494298	0.161047340091619	6.41596169396626	1.39936632923951e-10	6.89152815988355e-09
"Nvec_vc1.1_XM_032367113.2"	35.9897347130756	1.66834035225375	0.383743733888906	4.34753770529772	1.37674408315e-05	0.000185986758021869
"Nvec_vc1.1_XM_032367345.2"	39.8866528822046	1.17355317804411	0.338717535112549	3.46469567232225	0.00053083181187558	0.00407959208239453
"Nvec_vc1.1_XM_032367117.2"	80.477146706016	1.02645442776584	0.285537780958208	3.59481125167137	0.000324626840151545	0.00273248134912367
"Nvec_vc1.1_XM_032367138.2"	64.8384844270672	1.17838707734142	0.314995358768186	3.74096647629856	0.000183313973521195	0.00171601923718982
"Nvec_vc1.1_XM_032367207.2"	79.7984683949019	2.247237240904	0.288183020568733	7.79795158114815	6.2920140595672e-15	7.47176669573606e-13
"Nvec_vc1.1_XM_032367336.2"	1743.64824085114	1.28500139597524	0.305593717985495	4.20493393792941	2.61158426248747e-05	0.000323427908033037
"Nvec_vc1.1_XM_001641726.3"	20.9156046367647	1.44280303498378	0.472369599739176	3.05439434667353	0.00225515431995798	0.0131409368268228
"Nvec_vc1.1_XM_048733447.1"	31.9984984929179	1.19885110469395	0.400696211642888	2.99192023747506	0.0027722868581109	0.0154464708473057
"Nvec_vc1.1_XM_048733389.1"	348.9271394077	1.45376031458598	0.191740750152966	7.58190584644219	3.40515364055131e-14	3.50635575923903e-12
"Nvec_vc1.1_XM_032383120.2"	18.8091006327464	1.54190009453262	0.49582539048931	3.10976429224608	0.00187236693235852	0.0113272814621936
"Nvec_vc1.1_XM_048733773.1"	28.0700116484364	1.30065613494405	0.393925763044057	3.30177981986566	0.000960734535006044	0.00659832837125186
"Nvec_vc1.1_XM_048733868.1"	1534.25235839342	1.46936849857585	0.113411919450829	12.9560323614214	2.17194318108538e-38	2.66515527845686e-35
"Nvec_vc1.1_XM_032378344.2"	60.2139277708199	1.22643749811188	0.33277279188388	3.6855101379197	0.000228244995863926	0.00204062390048349
"Nvec_vc1.1_XM_032378372.2"	18.1624826606065	2.30313447543789	0.522844869737361	4.40500540168791	1.05781241935219e-05	0.000148770657831528
"Nvec_vc1.1_XM_032381657.2"	84.0214967262848	1.58719290833055	0.620864212571841	2.55642518314243	0.0105753810192642	0.0435355113810426
"Nvec_vc1.1_XM_032381655.2"	106.680730226739	1.20653488923541	0.223604641770742	5.39584008489614	6.8203673034013e-08	1.72263994069612e-06
"Nvec_vc1.1_XM_048733574.1"	16.8640146179438	1.4658922330518	0.516210243910911	2.83971937857318	0.00451532357195745	0.0226535398967882
"Nvec_vc1.1_XM_048733578.1"	15.2916985460103	2.17029022262897	0.612345918957268	3.54422256348935	0.000393772687567469	0.00320225582251468
"Nvec_vc1.1_XM_032374118.2"	193.003442646244	2.09723351601736	0.204216526879771	10.2696561735773	9.65481374256018e-25	3.74124032524207e-22
"Nvec_vc1.1_XM_032378865.2"	101.481031887652	1.0385633822986	0.217591641003418	4.77299301346912	1.81508089936202e-06	3.15549778549064e-05
"Nvec_NVE6003"	141.950111820789	1.42880493904193	0.237509823076226	6.0157719817061	1.79031430502794e-09	6.69095891917167e-08
"Nvec_vc1.1_XM_048734278.1"	251.634614562385	1.49032101437324	0.208647858978136	7.14275728335847	9.14770739633453e-13	7.0523555712579e-11
"Nvec_vc1.1_XM_048734687.1"	44.4149202992329	1.16672350839698	0.323346560205787	3.60827561503807	0.000308238940382053	0.00263272528835599
"Nvec_vc1.1_XM_032376869.2"	191.732586118575	1.06822224410783	0.202934119306308	5.26388686022513	1.41041265185667e-07	3.28093622410575e-06
"Nvec_vc1.1_XM_032363143.2"	1519.08982282028	1.09248139922197	0.130272583898933	8.38611906300661	5.0245446405418e-17	8.13037580571187e-15
"Nvec_vc1.1_XM_048734513.1"	124.388919690319	2.5777562834452	0.237394036836358	10.8585553276644	1.8159931905206e-27	7.86485286188703e-25
"Nvec_vc1.1_XM_048734564.1"	38.8125023933597	1.07179655909057	0.357201758000897	3.00053550992849	0.00269505327656875	0.0151064558422059
"Nvec_vc1.1_XM_048733951.1"	10.0055011599055	1.74317371334312	0.696266971592542	2.5035996025433	0.0122937071843359	0.0490510495362341
"Nvec_vc1.1_XM_048733954.1"	43.5187813203728	1.43345264282544	0.361703284462003	3.96306227895484	7.39944687030915e-05	0.000792413492111289
"Nvec_vc1.1_XM_032361976.2"	1529.50364472652	1.03367933100282	0.105710431807942	9.77840420594289	1.39390883684273e-22	4.10506152450185e-20
"Nvec_vc1.1_XM_001623817.3"	105.615382245374	1.11830950610501	0.257114228208247	4.34946565928375	1.36469651561368e-05	0.000184698126768487
"Nvec_vc1.1_XM_032384308.2"	29.5829426731182	2.49745009350018	0.461600327969162	5.41041663572438	6.28782886955176e-08	1.59910673755008e-06
"Nvec_vc1.1_XM_032384349.2"	22.4347294182155	1.34383668701447	0.46700494508085	2.87756414823791	0.00400758420298558	0.0205974441148212
"Nvec_vc1.1_XM_048734093.1"	77.2399751396726	1.10268693333121	0.255911915191413	4.30885342914355	1.64103072779862e-05	0.00021575158452531
"Nvec_vc1.1_XM_048734501.1"	16.0903740096651	1.36967434241711	0.529345419215129	2.58748690873334	0.0096678869285064	0.0406322203515879
"Nvec_vc1.1_XM_032362002.2"	124.286746023817	1.03948194919107	0.224885863985865	4.62226451572966	3.79573579973795e-06	6.02686286736164e-05
"Nvec_vc1.1_XM_032362039.2"	481.314769825162	1.30462282614849	0.149553485961361	8.72345313626157	2.69843797853164e-18	4.67464696869158e-16
"Nvec_vc1.1_XM_001625243.3"	51.8631758660339	1.10720756077525	0.303386588575415	3.64949408599194	0.000262757288758286	0.00230440802678127
"Nvec_vc1.1_XM_048734601.1"	2010.65607302961	2.09134473828149	0.122688360092509	17.0459914592109	3.74342050247938e-65	1.8373955633003e-61
"Nvec_vc1.1_XM_032378489.2"	48.4561661221662	1.30864730284329	0.333723447702386	3.92135258056646	8.80533120417243e-05	0.000917601130772634
"Nvec_vc1.1_XM_048720000.1"	50.1304769515628	1.54772872955368	0.318569329437021	4.85837331637935	1.18354097234575e-06	2.14928003115527e-05
"Nvec_vc1.1_XM_001636859.3"	22.058771018259	1.15018414607693	0.44546039272456	2.58201214936772	0.0098226126917278	0.0411136929748982
"Nvec_vc1.1_XM_001636862.3"	529.278208495367	1.03684698340104	0.397812843386598	2.60636880039949	0.00915078735158727	0.0389324888044272
"Nvec_vc1.1_XM_048720368.1"	38.8975468316653	1.55651398106585	0.344314756877786	4.52061362452244	6.16606385579521e-06	9.39909837231723e-05
"Nvec_vc1.1_XM_032373951.2"	3683.60089895439	1.37463936045169	0.537017909993003	2.55976446012685	0.0104743127465766	0.043190774347057
"Nvec_vc1.1_XM_001623327.3"	1267.14430590146	1.52005901645922	0.15754251333817	9.64856396061399	4.98488760683926e-22	1.33459036383106e-19
"Nvec_vc1.1_XM_048719942.1"	51.8055364207359	1.60933924856464	0.313180410552875	5.13869703958682	2.76650007024934e-07	6.03506867176616e-06
"Nvec_vc1.1_XM_048719950.1"	16.8285710518152	1.97460145059255	0.606816617998708	3.25403324830625	0.00113778962407648	0.00757411944598834
"Nvec_NVE5020"	40.925326492242	1.35035655681406	0.345562937623776	3.90770076820052	9.31786060800746e-05	0.000958138948693505
"Nvec_vc1.1_XM_048720298.1"	12.0455179479198	3.0165297035155	0.72669425058979	4.15103009424839	3.30982237355162e-05	0.000401790061422487
"Nvec_vc1.1_XM_048719743.1"	143.095659339947	2.13723112635152	0.216031935463407	9.89312585552214	4.4588349587234e-23	1.46040450875311e-20
"Nvec_vc1.1_XM_001630539.3"	25.827716129479	1.66417959959459	0.461636678578071	3.6049553183698	0.000312206638139617	0.00264970763493133
"Nvec_vc1.1_XM_032372106.2"	24.4044914332522	1.61518711058484	0.436087987038994	3.70381014517699	0.000212385235368453	0.00192433033869512
"Nvec_NVE13323"	758.322410859234	1.14548667293379	0.157874873053724	7.25566171979744	3.99702893082001e-13	3.26979172257359e-11
"Nvec_vc1.1_XM_032378511.2"	82.689081334936	1.07445254267341	0.24767172900211	4.3382123062752	1.43646360257763e-05	0.00019299203054704
"Nvec_vc1.1_XM_048720162.1"	142.34613624034	1.46381104717452	0.2039167348657	7.17847433237194	7.04936215536469e-13	5.55090148330187e-11
"Nvec_vc1.1_XM_048720228.1"	57.5423483820871	1.22205700238163	0.295651451092559	4.13343820186104	3.57376419958439e-05	0.000429581043582695
"Nvec_vc1.1_XM_001628985.3"	397.209692824394	1.6915047391333	0.165813012233369	10.2012786351932	1.95679167129586e-24	7.20343933995789e-22
"Nvec_vc1.1_XM_032377230.2"	1942.27473650196	2.01548902122296	0.178202816099915	11.3100851340807	1.16975970696111e-29	6.62488910961626e-27
"Nvec_vc1.1_XM_032374469.2"	305.044909618482	1.43552568398048	0.171524055118451	8.36923825634334	5.79918894538712e-17	9.28185404574188e-15
"Nvec_vc1.1_XM_001640356.3"	125.087834731872	1.83977158986224	0.238968890691577	7.69879118799911	1.37359418454102e-14	1.54398277613485e-12
"Nvec_vc1.1_XM_032365579.2"	16.7474248347575	1.29749469727213	0.515864585509684	2.5151846700044	0.0118970049013163	0.047903581397835
"Nvec_vc1.1_XM_032365565.2"	260.994339252705	1.02820713352739	0.1580175577055	6.50691700629671	7.67087629699668e-11	4.034059052617e-09
"Nvec_vc1.1_XM_032365713.2"	1896.97183649134	1.09451741818095	0.118748685693782	9.21709079798481	3.05270015906525e-20	6.81075906700543e-18
"Nvec_vc1.1_XM_032365166.2"	45.753950833366	1.75179737291885	0.338199974178044	5.179767908547	2.22162135227467e-07	4.93921603933829e-06
"Nvec_vc1.1_XM_032365284.2"	16.018038186055	1.90761934767142	0.554465217808224	3.44046711390148	0.000580711003113983	0.00439638535776525
"Nvec_vc1.1_XM_048719427.1"	33.9574739092786	1.17788578978097	0.36597910760497	3.21845090417661	0.00128885032876811	0.00838635487897055
"Nvec_vc1.1_XM_048719811.1"	574.406004987508	1.15752326025271	0.127438512249447	9.08299414220236	1.0562830500725e-19	2.16024554337745e-17
"Nvec_vc1.1_XM_032365239.2"	37.4213590509434	1.00979005041539	0.340509294202651	2.96552859968168	0.00302163249091563	0.0165396523875108
"Nvec_v1g198549"	37.7136360031298	1.39982495075869	0.351781785910507	3.97924226558677	6.91352632802884e-05	0.000749092532599151
"Nvec_vc1.1_XM_032365231.2"	42.2108859389667	1.10677234190422	0.367918481967959	3.00819990337045	0.00262800209118263	0.0148038755901546
"Nvec_vc1.1_XM_032365143.2"	194.740240358515	1.9272774739405	0.210770726622355	9.14395231646025	6.02106360620277e-20	1.28492987828023e-17
"Nvec_vc1.1_XM_032365212.2"	19.4622398523082	1.92596074410868	0.493479172549127	3.90282072931244	9.50781247038649e-05	0.000971565153549209
"Nvec_vc1.1_XM_032377278.1"	18.9260624153128	2.07593820589597	0.647512634938053	3.20601961086762	0.00134584815892758	0.00869574995182476
"Nvec_vc1.1_XM_032377318.2"	148.078081927075	1.15086687944781	0.196224479038135	5.86505254129961	4.48990499411832e-09	1.50245056062639e-07
"Nvec_vc1.1_XM_032366775.2"	44.2998525313698	1.12076390889276	0.327089842487219	3.4264711504655	0.000611478714303814	0.00456859193250624
"Nvec_vc1.1_XM_048720866.1"	147.836780549449	1.53644152119322	0.193428093552586	7.94321803505505	1.97002208480433e-15	2.52248479989076e-13
"Nvec_vc1.1_XM_001625964.3"	23.5684813354897	1.41049810455107	0.438682591152614	3.21530448893599	0.0013030622411226	0.0084713428258412
"Nvec_vc1.1_XM_048720683.1"	52.5944903672249	1.1096433138491	0.295330381615887	3.75729482275998	0.000171760093779586	0.00162126114160538
"Nvec_vc1.1_XM_001620722.3"	537.785014321114	1.09065225793677	0.136831690749465	7.97075773867129	1.57704393545877e-15	2.05471101502973e-13
"Nvec_vc1.1_XM_032382923.2"	27.8459668454671	1.22580907875988	0.389568092513839	3.14658490342438	0.0016518929377541	0.0102116387524892
"Nvec_vc1.1_XM_001633643.3"	154.884378749014	1.48109557943413	0.220529198916741	6.71609739984277	1.8665605299347e-11	1.09067872235272e-09
"Nvec_NVE8786"	18.3257248026819	1.44654318259498	0.485194961510152	2.98136480661848	0.00286966720539381	0.0158796879366493
"Nvec_vc1.1_XM_048721036.1"	13.8824961162532	1.72622355038158	0.573203338780269	3.0115378498228	0.00259927995491611	0.0146813952190793
"Nvec_v1g246292"	359.024328758568	1.12783193660948	0.139601007801666	8.07896701012225	6.5317692693994e-16	9.16002880875296e-14
"Nvec_vc1.1_XM_032381671.2"	29.14997910586	1.04920293737654	0.397247894330189	2.64117935513699	0.00826179696847524	0.0361960608035697
"Nvec_vc1.1_XM_032362558.2"	48.5267478162424	1.22948459409991	0.30405796850753	4.04358616264799	5.26397987233094e-05	0.000591778105859602
"Nvec_NVE814"	1157.86089821572	1.8529402669415	0.130666053896282	14.1807318097499	1.20582491718403e-45	1.97286354505942e-42
"Nvec_vc1.1_XM_032375520.2"	222.123843999724	1.08112975683283	0.177943624590306	6.07568694479506	1.23458056142805e-09	4.75895255681361e-08
"Nvec_vc1.1_XM_032375521.2"	728.698513348363	1.03979416493336	0.181514958883607	5.72842134515264	1.01369534086516e-08	3.09900026142727e-07
"Nvec_vc1.1_XM_032363302.2"	164.34285829248	1.63248673069877	0.210657194471425	7.7494943137117	9.22592110963911e-15	1.0531138630964e-12
"Nvec_vc1.1_XM_048720637.1"	124.553337898839	1.15295750559457	0.240165494451433	4.80067924923215	1.58128364888464e-06	2.78521551792181e-05
"Nvec_vc1.1_XM_032364373.2"	127.093067649529	2.2671873395562	0.264612864196039	8.56794074031316	1.05351984585935e-17	1.74304266632348e-15
"Nvec_vc1.1_XM_032376794.2"	22.9499940747808	1.35517118280918	0.454339001363809	2.98273134980995	0.00285688641231425	0.015814906925311
"Nvec_vc1.1_XM_001633119.3"	124.122308161473	1.20659358934528	0.203966557987182	5.91564421762267	3.30579102148609e-09	1.15077477048186e-07
"Nvec_vc1.1_XM_032382256.2"	10.296605289766	1.85681470669527	0.660577272480503	2.81089705027669	0.00494035907856251	0.0242813042162326
"Nvec_vc1.1_XM_048721829.1"	6.13394146566436	2.319479445732	0.908960259085344	2.55179412141298	0.0107169825457229	0.0439820423594677
"Nvec_vc1.1_XM_032363508.2"	805.136818134769	1.07889312138358	0.123623272507317	8.72726550188776	2.60904089203915e-18	4.57358656372339e-16
"Nvec_vc1.1_XM_032363582.2"	22.2946566230831	1.25986906043431	0.46073742317288	2.73446218403139	0.00624822720182931	0.0291155523882711
"Nvec_vc1.1_XM_001638751.3"	437.747501302717	1.02421879569684	0.169557459257575	6.0405410660285	1.53598284261053e-09	5.79931983524106e-08
"Nvec_vc1.1_XM_048721810.1"	1011.57322295939	1.04731934802234	0.11980837085137	8.74162081146746	2.2978962284906e-18	4.12640511762489e-16
"Nvec_vc1.1_XM_048721566.1"	9.22665396405528	2.31363858661983	0.731958069324168	3.16088951482707	0.00157288147291003	0.00983886138003404
"Nvec_vc1.1_XM_048721851.1"	101.879848514646	1.9242899132752	0.247445459021698	7.77662245604783	7.44864796491793e-15	8.70486835582671e-13
"Nvec_vc1.1_XM_001634079.3"	205.369669491844	1.4220930847041	0.194054233292666	7.32832806877938	2.33041680282281e-13	2.01855220126858e-11
"Nvec_vc1.1_XM_048722025.1"	21.9460975669892	1.2302274249303	0.443622546422718	2.7731399922087	0.00555182316420899	0.026620187591331
"Nvec_vc1.1_XM_032371388.2"	25.6109362571391	1.17349217339371	0.424228518400369	2.76617936441089	0.00567173295273177	0.027098075187857
"Nvec_vc1.1_XM_032379585.2"	11.1576476788408	1.95788987060333	0.674739000313555	2.90169957523352	0.00371144283854466	0.019448752952872
"Nvec_vc1.1_XM_032379603.2"	30.3533093794774	1.46576320456726	0.426465767835406	3.4370008453597	0.000588193767704636	0.00443177800459879
"Nvec_vc1.1_XM_048721904.1"	35.4280558163108	1.07641863558559	0.393626483776953	2.73461944241419	0.00624524326913254	0.0291108601259819
"Nvec_NVE4452"	33.3963192190084	1.29429009996367	0.362667533289033	3.56880608590946	0.000358611721169141	0.00296327586656319
"Nvec_vc1.1_XM_032383353.2"	16.0395032510017	1.65450487941346	0.53237766473215	3.10776538727612	0.00188507650511597	0.0113854600237213
"Nvec_vc1.1_XM_048721671.1"	115.346609071873	1.63093410626326	0.277557818770762	5.87601571984636	4.20258434857557e-09	1.41933611313705e-07
"Nvec_NVE14719"	104.910256482908	1.04448928321933	0.220093465728672	4.74566239284433	2.07825099223008e-06	3.55426781191497e-05
"Nvec_vc1.1_XM_001623946.3"	465.460750935442	1.13254059116648	0.162224716419234	6.98130726417593	2.9244590947402e-12	2.05060286524045e-10
"Nvec_vc1.1_XM_048722795.1"	32.8014931401902	1.46089781802629	0.367044918966599	3.98016085371621	6.88686524460601e-05	0.000748406573629693
"Nvec_vc1.1_XM_032369933.2"	237.570023322899	1.86720553437805	0.210431887640468	8.87320622038162	7.10695551084923e-19	1.3416656397084e-16
"Nvec_NVE23895"	54.0206712888043	1.62557341218315	0.308894525843607	5.26255170027253	1.42069695519376e-07	3.29445081342175e-06
"Nvec_vc1.1_XM_048722710.1"	77.4497784034398	1.59090606665697	0.281924129153091	5.64302910657595	1.67084086216319e-08	4.90102225007031e-07
"Nvec_vc1.1_XM_032380031.2"	31.5765607902851	1.47239052368414	0.378727440520854	3.88773129736571	0.000101185550665035	0.00102614134541504
"Nvec_vc1.1_XM_048722433.1"	812.828726717087	1.05228768909613	0.120557071751102	8.72854386566919	2.57972392817203e-18	4.57358656372339e-16
"Nvec_vc1.1_XM_048722788.1"	17.1545729237644	1.54087341739655	0.508425682798057	3.03067580873678	0.00244007085197958	0.0139805615935406
"Nvec_vc1.1_XM_032367679.2"	21.5184110557825	1.26664608237104	0.461975253558086	2.74180504824762	0.00611025949354377	0.0286084486621405
"Nvec_vc1.1_XM_032367667.2"	17.6981133726833	1.31042796578563	0.499328046737802	2.62438285681506	0.00868061473709888	0.0375174793084183
"Nvec_vc1.1_XM_032367697.2"	14.2234425718097	2.19735417001718	0.590404085013205	3.72178009230413	0.000197823271732819	0.00182173087946577
"Nvec_vc1.1_XM_032380707.2"	21.8857911686776	1.22431397674461	0.48960565399555	2.50061241481442	0.0123978778977767	0.0493402032553412
"Nvec_vc1.1_XM_032380675.2"	24.9965203539978	1.17735396517406	0.40929572081046	2.87653621895372	0.00402066050705036	0.0206574410210455
"Nvec_vc1.1_XM_032378849.2"	28.7173253420635	1.84526195870016	0.421348082250597	4.37942413038607	1.18993339895782e-05	0.000164523655395811
"Nvec_vc1.1_XM_001630319.3"	36.9116309416454	1.11697804079721	0.37606881937511	2.97014265275494	0.0029766148981931	0.0163425258672235
"Nvec_vc1.1_XM_032374461.2"	22.3844614395254	2.1026876545115	0.487120366663774	4.31656690709226	1.584746608261e-05	0.000209098510812215
"Nvec_vc1.1_XM_048722815.1"	383.912354070257	1.00057738960921	0.174923624769401	5.72008149801526	1.06472970284714e-08	3.23928613107938e-07
"Nvec_vc1.1_XM_032381868.2"	157.667291836684	1.37704987878019	0.192319134139767	7.16023335348122	8.05398439585755e-13	6.27486350418003e-11
"Nvec_vc1.1_XM_048722486.1"	32.7718253873304	1.55524457293766	0.394889737430948	3.93842742800987	8.20173929849535e-05	0.000866982133311874
"Nvec_vc1.1_XM_048723032.1"	149.090550699473	1.73206357522546	0.239750037883865	7.22445589795679	5.03112099872212e-13	4.0482653937805e-11
"Nvec_vc1.1_XM_032371526.2"	62.9024821643374	1.6184612883723	0.286832812620678	5.64252490356685	1.67574288163504e-08	4.90562901234115e-07
"Nvec_vc1.1_XM_048722527.1"	194.382242922001	1.58371997506244	0.202983310453298	7.80221768738381	6.08285985675884e-15	7.2821228772987e-13
"Nvec_vc1.1_XM_032371512.2"	60.9664440476883	1.66043586256223	0.298713176958812	5.55862945005329	2.71901259137419e-08	7.57498145276035e-07
"Nvec_vc1.1_XM_001620810.3"	62.5002817115929	1.20289314893912	0.295594426536374	4.06940402440604	4.71335506334697e-05	0.000544346300453209
"Nvec_vc1.1_XM_048722708.1"	28.0170728243047	1.82755727638525	0.434907867348876	4.20217111160974	2.64367176692711e-05	0.000326851945994976
"Nvec_vc1.1_XM_001633167.3"	4460.80021459041	1.76111290983752	0.291310250151204	6.0454889895684	1.48957523495659e-09	5.65309158111748e-08
"Nvec_vc1.1_XM_048722964.1"	295.872196155079	1.1344129953219	0.191958071359005	5.90969156592688	3.42748878303109e-09	1.18196188126775e-07
"Nvec_vc1.1_XM_032382339.2"	1761.7422604598	1.30162669306956	0.116846423645371	11.1396365627757	8.04469633209463e-29	4.0847639134515e-26
"mCherry"	4621.72507836471	1.69168586466596	0.28422850442712	5.95185155013098	2.65125803313452e-09	9.49872859803062e-08
